"Date","Open","High","Low","Close","Volume","Adj Close"
"2016-07-11",74.050003,74.580002,73.720001,74.489998,3040700,74.489998
"2016-07-08",73.769997,74.269997,73.419998,74.25,2898900,74.25
"2016-07-07",73.279999,73.709999,73.080002,73.400002,2782200,73.400002
"2016-07-06",73.32,73.449997,72.779999,73.279999,2549200,73.279999
"2016-07-05",72.690002,73.690002,72.629997,73.279999,3116100,73.279999
"2016-07-01",73.199997,73.419998,72.860001,72.949997,2642800,72.949997
"2016-06-30",71.900002,73.199997,71.860001,73.199997,3793000,73.199997
"2016-06-29",71.360001,71.93,71.32,71.860001,2254000,71.860001
"2016-06-28",70.370003,71.150002,70.029999,71.129997,2840100,71.129997
"2016-06-27",70.139999,70.230003,69.709999,69.989998,3421800,69.989998
"2016-06-24",71.110001,71.800003,70.150002,70.580002,10237700,70.580002
"2016-06-23",72.639999,72.730003,72.339996,72.669998,2002900,72.669998
"2016-06-22",71.980003,72.5,71.879997,72.25,3564600,72.25
"2016-06-21",72.029999,72.139999,71.730003,71.800003,3072000,71.800003
"2016-06-20",71.900002,72.400002,71.610001,71.639999,2557400,71.639999
"2016-06-17",71.870003,72.080002,70.970001,71.440002,4025100,71.440002
"2016-06-16",71.559998,72.07,71.360001,72,2161200,72
"2016-06-15",72.190002,72.290001,71.620003,71.720001,2146000,71.720001
"2016-06-14",71.480003,72.169998,71.220001,72.089996,2482900,72.089996
"2016-06-13",72.150002,72.449997,71.660004,71.669998,2882000,71.669998
"2016-06-10",72,72.230003,71.739998,72.120003,2227200,72.120003
"2016-06-09",71.849998,72.410004,71.739998,72.339996,1943200,72.339996
"2016-06-08",71.459999,72.099998,71.349998,72,1907000,72
"2016-06-07",71.900002,72.019997,71.470001,71.589996,2101800,71.589996
"2016-06-06",71.599998,72.07,71.410004,71.839996,2287900,71.839996
"2016-06-03",71.419998,71.790001,71.25,71.599998,2288900,71.599998
"2016-06-02",71.019997,71.419998,70.870003,71.419998,2241500,71.419998
"2016-06-01",70.410004,71.220001,70.169998,71.199997,3013600,71.199997
"2016-05-31",70.760002,70.959999,70.099998,70.410004,3357800,70.410004
"2016-05-27",70.540001,70.809998,70.309998,70.589996,2326600,70.589996
"2016-05-26",70.68,70.949997,70.349998,70.489998,6207000,70.489998
"2016-05-25",70.959999,71.150002,70.639999,70.669998,2098500,70.669998
"2016-05-24",70.43,71.080002,70.330002,70.870003,2515500,70.870003
"2016-05-23",70.050003,70.239998,69.830002,70.080002,2068000,70.080002
"2016-05-20",70.790001,70.790001,69.919998,70.019997,2978000,70.019997
"2016-05-19",69.959999,70.449997,69.529999,70.43,2697200,70.43
"2016-05-18",70.690002,70.690002,69.730003,70.129997,3426500,70.129997
"2016-05-17",71.959999,71.970001,70.459999,70.849998,3460700,70.849998
"2016-05-16",71.589996,72.220001,71.470001,72.019997,2134600,72.019997
"2016-05-13",72.580002,72.580002,71.529999,71.669998,2620200,71.669998
"2016-05-12",72.290001,72.720001,71.919998,72.650002,2781800,72.650002
"2016-05-11",72.25,72.389999,71.809998,71.980003,3009100,71.980003
"2016-05-10",71.860001,72.25,71.760002,72.199997,2710900,72.199997
"2016-05-09",71.980003,72.25,71.580002,71.760002,2326600,71.760002
"2016-05-06",71.489998,71.849998,71.190002,71.82,2467600,71.82
"2016-05-05",71.660004,72.309998,71.190002,71.470001,3003000,71.470001
"2016-05-04",71.550003,72,71.110001,71.879997,3307400,71.879997
"2016-05-03",72,72.449997,71.610001,71.849998,3596600,71.849998
"2016-05-02",71.470001,72.389999,71.419998,72.370003,4686500,72.370003
"2016-04-29",71.029999,71.589996,70.43,70.919998,4888500,70.919998
"2016-04-28",69.400002,71.589996,69.389999,71.160004,6253600,71.160004
"2016-04-27",69.110001,69.739998,68.870003,69.309998,4462300,69.309998
"2016-04-26",69.739998,69.75,68.779999,68.959999,2913400,68.959999
"2016-04-25",68.870003,69.519997,68.580002,69.419998,3038600,69.419998
"2016-04-22",68.760002,69.089996,68.239998,69.059998,3228600,69.059998
"2016-04-21",70.199997,70.32,68.809998,68.980003,4127600,68.980003
"2016-04-20",71.339996,71.529999,70.300003,70.309998,3467800,70.309998
"2016-04-19",71.470001,71.790001,71.050003,71.660004,3609900,71.270003
"2016-04-18",70.900002,71.470001,70.779999,71.32,2152700,70.931849
"2016-04-15",70.830002,71.459999,70.720001,71.25,2799700,70.86223
"2016-04-14",70.809998,71.190002,70.709999,70.800003,2744900,70.414682
"2016-04-13",71.330002,71.5,70.580002,70.830002,2600000,70.444518
"2016-04-12",70.830002,71.370003,70.769997,71.230003,2549000,70.842343
"2016-04-11",71.120003,71.400002,70.800003,70.940002,2996300,70.55392
"2016-04-08",71.089996,71.150002,70.5,71.07,2816000,70.68321
"2016-04-07",70.900002,70.949997,70.279999,70.639999,2995100,70.25555
"2016-04-06",71.110001,71.419998,70.870003,71.410004,3442000,71.021363
"2016-04-05",71.129997,71.470001,70.989998,71.139999,3870600,70.752828
"2016-04-04",70.870003,71.269997,70.589996,71.160004,2641100,70.772724
"2016-04-01",70.209999,71.269997,70.089996,71.199997,3257300,70.812499
"2016-03-31",70.720001,71,70.510002,70.650002,2944600,70.265497
"2016-03-30",70.510002,71.25,70.18,70.720001,4354100,70.335116
"2016-03-29",70,70.669998,69.550003,70.510002,3217100,70.12626
"2016-03-28",69.980003,70.389999,69.739998,69.910004,1926200,69.529527
"2016-03-24",69.540001,69.959999,69.379997,69.910004,3806000,69.529527
"2016-03-23",69.599998,70.080002,69.540001,69.800003,2296900,69.420125
"2016-03-22",70,70.300003,69.279999,69.559998,3637400,69.181426
"2016-03-21",70.07,70.870003,69.800003,70.43,4128700,70.046693
"2016-03-18",69.980003,70.5,69.660004,70.480003,7731800,70.096424
"2016-03-17",68.760002,69.989998,68.580002,69.860001,4243300,69.479796
"2016-03-16",68.410004,68.82,67.860001,68.68,2603300,68.306218
"2016-03-15",67.830002,68.75,67.699997,68.589996,2474800,68.216703
"2016-03-14",68.339996,68.589996,67.830002,68.239998,2280100,67.86861
"2016-03-11",68.279999,68.489998,67.949997,68.370003,3186900,67.997907
"2016-03-10",68.110001,68.449997,67.529999,68.230003,2454300,67.85867
"2016-03-09",67.879997,68.580002,67.300003,67.980003,2711800,67.61003
"2016-03-08",67.209999,67.93,66.860001,67.529999,2253000,67.162475
"2016-03-07",67.800003,67.940002,67.370003,67.57,2764100,67.202258
"2016-03-04",67.419998,68.32,67.279999,68.160004,2827300,67.789051
"2016-03-03",66.860001,67.610001,66.709999,67.610001,2415000,67.242041
"2016-03-02",67.059998,67.419998,66.389999,67.080002,2546900,66.714927
"2016-03-01",66.059998,67.389999,65.93,67.330002,3629600,66.963566
"2016-02-29",66.440002,66.699997,65.610001,65.639999,3625900,65.282762
"2016-02-26",67.199997,67.529999,66.07,66.279999,3273400,65.919278
"2016-02-25",66.610001,67.449997,66.330002,67.419998,3008400,67.053073
"2016-02-24",66.940002,66.989998,66.029999,66.32,5260200,65.959061
"2016-02-23",67.389999,67.709999,67.019997,67.199997,2083200,66.834269
"2016-02-22",67.459999,68.389999,67.389999,67.610001,2900800,67.242041
"2016-02-19",67.199997,67.480003,66.360001,67.459999,3373200,67.092856
"2016-02-18",66.900002,67.339996,66.629997,67.220001,2470100,66.854164
"2016-02-17",66.120003,67.199997,65.959999,67.059998,3112400,66.695032
"2016-02-16",66.519997,66.699997,65.519997,65.809998,3481200,65.451834
"2016-02-12",64.779999,65.75,64.540001,65.699997,2579100,65.342433
"2016-02-11",64.709999,65.300003,64,64.440002,4744300,64.089295
"2016-02-10",66.389999,66.830002,65.709999,65.809998,3117500,65.451834
"2016-02-09",65.480003,66.309998,64.93,65.879997,4423900,65.521453
"2016-02-08",65.650002,66.290001,65.239998,66.07,4029200,65.710422
"2016-02-05",65.989998,66.32,65.410004,66.190002,3899900,65.829771
"2016-02-04",65.900002,66.230003,65.5,65.989998,3078800,65.630855
"2016-02-03",65.839996,66.260002,65,66.029999,4037600,65.670638
"2016-02-02",65.620003,66.080002,65.169998,65.360001,3717000,65.004287
"2016-02-01",66.93,67.080002,65.889999,66.199997,4897600,65.839711
"2016-01-29",64.989998,67.650002,64.349998,67.529999,9512900,67.162475
"2016-01-28",64.559998,65.550003,64.32,65.019997,5576500,64.666133
"2016-01-27",64.290001,65.099998,63.880001,64.300003,3265900,63.950058
"2016-01-26",64.010002,64.809998,63.98,64.330002,3658900,63.979893
"2016-01-25",64.330002,64.610001,63.759998,63.93,3728100,63.582069
"2016-01-22",64.330002,64.910004,63.869999,64.610001,4360100,64.258368
"2016-01-21",62.32,63.959999,61.91,63.650002,5645300,63.303594
"2016-01-20",63.459999,63.68,61.400002,62.450001,8221500,61.732194
"2016-01-19",63.790001,64.519997,63.700001,64.290001,5106800,63.551045
"2016-01-15",62.369999,63.919998,62.32,63.349998,6703000,62.621847
"2016-01-14",63.029999,64.139999,62.98,63.529999,3894200,62.799779
"2016-01-13",63.599998,63.939999,62.799999,62.91,3575600,62.186906
"2016-01-12",63.27,63.5,62.669998,63.380001,2834900,62.651505
"2016-01-11",62.849998,63.200001,62.080002,62.810001,3079100,62.088057
"2016-01-08",63.099998,63.419998,62.369999,62.549999,3219800,61.831043
"2016-01-07",63.400002,63.900002,62.759998,63.009998,4476300,62.285755
"2016-01-06",64.209999,64.639999,63.959999,64.139999,4407600,63.402768
"2016-01-05",64.730003,65.260002,64.599998,65,4307000,64.252883
"2016-01-04",65.400002,65.410004,63.98,64.709999,5722600,63.966216
"2015-12-31",67.209999,67.290001,66.610001,66.620003,2002100,65.854266
"2015-12-30",67.660004,68.07,67.389999,67.529999,1707200,66.753802
"2015-12-29",67.330002,67.730003,67.230003,67.650002,1671700,66.872426
"2015-12-28",66.760002,66.949997,66.650002,66.889999,1525700,66.121159
"2015-12-24",67,67.279999,66.860001,66.989998,882100,66.220008
"2015-12-23",66.860001,67.389999,66.779999,67.160004,1675500,66.38806
"2015-12-22",66.150002,66.690002,65.690002,66.580002,2104300,65.814725
"2015-12-21",66.019997,66.150002,65.5,65.980003,2725300,65.221623
"2015-12-18",66.900002,66.970001,65.57,65.57,5115600,64.816332
"2015-12-17",68.190002,68.300003,67.300003,67.330002,4224800,66.556104
"2015-12-16",67,68.489998,66.989998,68.330002,5133100,67.54461
"2015-12-15",66.330002,67.110001,66.230003,66.760002,3681900,65.992656
"2015-12-14",65.290001,65.900002,65,65.849998,3353800,65.093112
"2015-12-11",65.370003,65.779999,65.029999,65.209999,3525600,64.460469
"2015-12-10",66.080002,66.660004,65.980003,66.129997,2628300,65.369892
"2015-12-09",66.019997,67.099998,65.75,66.080002,3052500,65.320472
"2015-12-08",66.050003,66.5,65.879997,66.18,2436600,65.419321
"2015-12-07",66.389999,66.559998,66.089996,66.339996,3895600,65.577478
"2015-12-04",65.970001,66.760002,65.699997,66.339996,4603800,65.577478
"2015-12-03",65.699997,65.959999,64.989998,65.580002,4809300,64.826219
"2015-12-02",65.82,66.410004,65.580002,65.68,3667300,64.925068
"2015-12-01",65.769997,66.07,65.32,65.830002,4519000,65.073345
"2015-11-30",66.559998,66.769997,65.650002,65.68,3561800,64.925068
"2015-11-27",66.510002,66.75,66.190002,66.559998,1265500,65.79495
"2015-11-25",66.93,67.029999,66.410004,66.43,2996000,65.666447
"2015-11-24",66.43,67.089996,66.419998,66.82,2242000,66.051964
"2015-11-23",66.099998,66.940002,66.07,66.889999,2811100,66.121159
"2015-11-20",66.75,67.18,66.040001,66.099998,3027900,65.340238
"2015-11-19",66.32,66.949997,66.199997,66.379997,2964600,65.617019
"2015-11-18",65.32,66.139999,65.120003,66.059998,2921400,65.300697
"2015-11-17",65.919998,65.959999,65.139999,65.32,2296600,64.569205
"2015-11-16",64.599998,65.699997,64.599998,65.57,3187400,64.816332
"2015-11-13",65.18,65.559998,64.510002,64.559998,3499100,63.817938
"2015-11-12",66.150002,66.32,65.239998,65.269997,2811200,64.519777
"2015-11-11",66.690002,67.220001,66.440002,66.449997,2622600,65.686214
"2015-11-10",65.669998,66.580002,65.580002,66.379997,2813700,65.617019
"2015-11-09",65.480003,65.970001,65.279999,65.769997,3623800,65.01403
"2015-11-06",67.209999,67.209999,65.400002,65.82,5226700,65.063458
"2015-11-05",67.510002,67.889999,67.199997,67.599998,2802700,66.822997
"2015-11-04",67.93,68.050003,67,67.480003,3732800,66.704381
"2015-11-03",67.239998,68.110001,66.900002,68,3728100,67.218401
"2015-11-02",66.769997,67.57,66.360001,67.489998,5351700,66.714261
"2015-10-30",67.690002,68.07,66.349998,66.349998,7455100,65.587365
"2015-10-29",68.620003,69.440002,68.419998,69.230003,3511000,68.434267
"2015-10-28",69,69.160004,68.120003,68.830002,3364000,68.038863
"2015-10-27",68.389999,69,68.309998,68.949997,3307500,68.157479
"2015-10-26",68.82,69.32,68.660004,68.720001,3933600,67.930127
"2015-10-23",68.720001,69.199997,68.349998,68.940002,3956700,68.147599
"2015-10-22",67.150002,68.860001,66.669998,68.639999,3660400,67.851044
"2015-10-21",66.809998,67.5,66.540001,66.830002,2755100,66.061851
"2015-10-20",66.949997,67.239998,66.860001,67.059998,3281900,65.913569
"2015-10-19",67.019997,67.43,66.889999,67.25,2384400,66.100323
"2015-10-16",66.900002,67.260002,66.709999,67.120003,2373300,65.972548
"2015-10-15",66.160004,66.660004,65.959999,66.57,2418300,65.431948
"2015-10-14",65.970001,66.110001,65.5,65.75,2326100,64.625967
"2015-10-13",65.970001,66.290001,65.779999,65.970001,2200800,64.842207
"2015-10-12",66.330002,66.580002,65.989998,66.25,2419400,65.117419
"2015-10-09",66,66.419998,65.779999,66.339996,3478400,65.205877
"2015-10-08",65.18,65.940002,65.019997,65.900002,2587600,64.773404
"2015-10-07",65.050003,65.480003,64.800003,65.349998,2278100,64.232803
"2015-10-06",65.300003,65.300003,64.730003,64.790001,2941500,63.682379
"2015-10-05",64.589996,65.510002,64.339996,65.349998,3690200,64.232803
"2015-10-02",63.220001,64.279999,63.060001,64.279999,3504100,63.181096
"2015-10-01",63.580002,63.950001,63.209999,63.720001,4253800,62.630672
"2015-09-30",63.66,63.990002,63.09,63.459999,3529400,62.375114
"2015-09-29",62.16,63.189999,62.099998,63.07,3884500,61.991782
"2015-09-28",62.970001,63.279999,62.16,62.16,4581800,61.097339
"2015-09-25",62.77,63.689999,62.639999,63.139999,4545600,62.060585
"2015-09-24",61.799999,62.419998,61.459999,62.25,3791600,61.185801
"2015-09-23",62.040001,62.32,61.75,62.099998,4005600,61.038364
"2015-09-22",62.5,62.73,61.740002,62.16,3911000,61.097339
"2015-09-21",63.16,63.43,62.93,63.099998,3991200,62.021268
"2015-09-18",62.68,63.66,62.650002,62.689999,13468600,61.618278
"2015-09-17",63.009998,64.089996,62.98,63.27,4595500,62.188364
"2015-09-16",62.599998,63.23,62.5,63.07,2889600,61.991782
"2015-09-15",62.07,62.639999,61.369999,62.43,3467400,61.362724
"2015-09-14",61.830002,62.139999,61.549999,62.110001,3704100,61.048195
"2015-09-11",61.380001,62.110001,61.380001,61.919998,3463100,60.861441
"2015-09-10",62.279999,62.48,61.310001,61.93,5223900,60.871272
"2015-09-09",64.040001,64.129997,62.259998,62.389999,3645900,61.323407
"2015-09-08",62.48,63.66,62.150002,63.43,6568500,62.345629
"2015-09-04",61.860001,62.189999,61.389999,61.459999,5100300,60.409306
"2015-09-03",62.240002,63.130001,62.240002,62.919998,4046500,61.844345
"2015-09-02",62,62.220001,61.529999,62.18,3402200,61.116998
"2015-09-01",61.619999,62.27,60.91,61.27,4289000,60.222555
"2015-08-31",62.880001,63.049999,62.400002,62.810001,3634600,61.736229
"2015-08-28",63.009998,63.380001,62.52,63.349998,3486900,62.266994
"2015-08-27",62.580002,63.290001,61.939999,63.09,5006900,62.011441
"2015-08-26",61.529999,62.400002,60.540001,62.23,5329000,61.166142
"2015-08-25",63.240002,63.490002,60.32,60.369999,6483500,59.33794
"2015-08-24",61.900002,62.5,50.84,61.950001,9060100,60.89093
"2015-08-21",65.82,66.080002,64.860001,64.980003,5799400,63.869133
"2015-08-20",66.199997,66.550003,65.959999,65.989998,3715900,64.861862
"2015-08-19",67.339996,67.5,66.599998,66.739998,3165400,65.59904
"2015-08-18",67.669998,68.019997,67.489998,67.690002,2230700,66.532804
"2015-08-17",67.459999,67.800003,67.080002,67.660004,1870500,66.503318
"2015-08-14",67.760002,67.940002,67.489998,67.790001,1829600,66.631092
"2015-08-13",68.029999,68.18,67.57,67.660004,2225900,66.503318
"2015-08-12",67.989998,68.129997,66.970001,68,3310600,66.837502
"2015-08-11",68.379997,68.559998,68.190002,68.260002,2592600,67.093059
"2015-08-10",68.839996,69.080002,68.669998,68.739998,3016200,67.564849
"2015-08-07",68.629997,68.699997,68.300003,68.489998,2286500,67.319123
"2015-08-06",69.199997,69.300003,68.639999,68.650002,2989000,67.476391
"2015-08-05",68.769997,69.230003,68.339996,69.080002,2578900,67.89904
"2015-08-04",68.339996,68.709999,68.059998,68.449997,2770500,67.279806
"2015-08-03",67.660004,68.470001,67.589996,68.419998,3069700,67.25032
"2015-07-31",68.059998,68.290001,67.800003,68.019997,3548000,66.857156
"2015-07-30",68.75,68.800003,67.309998,68.019997,5488800,66.857156
"2015-07-29",68.25,69.230003,68.129997,68.93,4974900,67.751603
"2015-07-28",67.440002,68.470001,67.269997,68.389999,5569600,67.220834
"2015-07-27",66.760002,67.309998,66.540001,67.300003,3576300,66.149471
"2015-07-24",67.010002,67.150002,66.779999,67,2317000,65.854597
"2015-07-23",67,67.18,66.809998,67.040001,2667900,65.893914
"2015-07-22",66.940002,67.18,66.730003,67,2825500,65.854597
"2015-07-21",67.57,67.639999,66.769997,66.940002,2699400,65.795625
"2015-07-20",67.370003,67.959999,67.139999,67.800003,2214900,66.26742
"2015-07-17",67.360001,67.620003,67.199997,67.5,1792000,65.974199
"2015-07-16",67.330002,67.730003,67.18,67.620003,1912000,66.091489
"2015-07-15",67.040001,67.580002,66.760002,66.910004,3360300,65.397539
"2015-07-14",67.5,67.5,66.93,67.269997,2143600,65.749394
"2015-07-13",66.949997,67.5,66.910004,67.440002,2087300,65.915557
"2015-07-10",66.760002,66.910004,66.529999,66.639999,2221800,65.133638
"2015-07-09",67.150002,67.18,66.150002,66.169998,3004700,64.674261
"2015-07-08",66.93,67.160004,66.449997,66.449997,2104600,64.94793
"2015-07-07",66.139999,67.379997,65.959999,67.309998,2893500,65.788491
"2015-07-06",65.68,66.309998,65.629997,65.959999,1835600,64.469009
"2015-07-02",66.379997,66.580002,65.980003,66.160004,2024700,64.664492
"2015-07-01",65.589996,66.190002,65.550003,66.160004,2986600,64.664492
"2015-06-30",65.849998,65.879997,65.309998,65.410004,2786600,63.931445
"2015-06-29",66,66.339996,65.370003,65.400002,2270400,63.921669
"2015-06-26",66.760002,67,66.440002,66.5,2588200,64.996803
"2015-06-25",66.510002,66.800003,66.32,66.459999,2680600,64.957706
"2015-06-24",66.93,67.120003,66.480003,66.489998,2815400,64.987027
"2015-06-23",67.07,67.269997,66.839996,67.010002,1727500,65.495277
"2015-06-22",67.190002,67.57,67.089996,67.239998,3128700,65.720074
"2015-06-19",66.790001,67.18,66.599998,66.900002,3674400,65.387763
"2015-06-18",66.589996,67.529999,66.57,67.169998,4435100,65.651656
"2015-06-17",66.080002,66.580002,66,66.410004,2356100,64.908841
"2015-06-15",65.660004,65.900002,65.209999,65.339996,3378200,63.863021
"2015-06-12",66.440002,66.440002,66.050003,66.290001,2543300,64.791551
"2015-06-11",66.449997,66.739998,66.169998,66.550003,3863300,65.045676
"2015-06-10",66.739998,67.470001,66.660004,67.07,4716500,65.553918
"2015-06-09",65.43,66.519997,65.160004,66.029999,5780600,64.537426
"2015-06-08",65.389999,65.540001,64.830002,65.339996,3079300,63.863021
"2015-06-05",65.889999,66,64.959999,65.480003,5740400,63.999863
"2015-06-04",66.209999,66.900002,65.849998,65.919998,3280400,64.429912
"2015-06-03",66.800003,66.970001,66.5,66.57,2668200,65.06522
"2015-06-02",66.870003,67.07,66.550003,66.730003,2537300,65.221607
"2015-06-01",66.709999,67.120003,66.360001,66.900002,3447100,65.387763
"2015-05-29",67.209999,67.349998,66.739998,66.790001,4755200,65.280249
"2015-05-28",67.540001,67.629997,67.169998,67.330002,2077400,65.808043
"2015-05-27",67.300003,67.75,67.279999,67.540001,3315600,66.013295
"2015-05-26",68.419998,68.5,67.110001,67.150002,4847100,65.632112
"2015-05-22",68.889999,68.900002,68.459999,68.5,1714600,66.951594
"2015-05-21",68.809998,68.860001,68.470001,68.82,1808800,67.26436
"2015-05-20",69.18,69.279999,68.889999,68.889999,2020700,67.332778
"2015-05-19",68.669998,69.190002,68.489998,69.139999,2505800,67.577127
"2015-05-15",68.559998,68.900002,68.43,68.629997,1946000,67.078653
"2015-05-14",68.019997,68.720001,68.010002,68.629997,2269900,67.078653
"2015-05-13",68.019997,68.480003,67.489998,67.599998,2315500,66.071937
"2015-05-12",67.519997,68.110001,67.330002,67.879997,3209000,66.345606
"2015-05-11",67.910004,68.459999,67.82,67.830002,2187500,66.296741
"2015-05-08",68.5,68.639999,67.980003,68.199997,3029900,66.658372
"2015-05-07",67.970001,68.25,67.5,67.879997,2338200,66.345606
"2015-05-06",67.75,67.870003,67.139999,67.790001,2248800,66.257644
"2015-05-05",68.139999,68.239998,67.32,67.379997,3182200,65.856908
"2015-05-04",67.830002,68.25,67.709999,67.860001,2377400,66.326062
"2015-05-01",67.279999,67.699997,66.900002,67.68,3135600,66.15013
"2015-04-30",67.489998,67.669998,66.779999,67.279999,5582300,65.75917
"2015-04-29",68.489998,68.980003,68.300003,68.510002,4647300,66.96137
"2015-04-28",68.790001,69.18,68.43,68.769997,2420700,67.215488
"2015-04-27",69.300003,69.43,68.82,68.980003,2265400,67.420747
"2015-04-24",69.25,69.459999,69.010002,69.169998,2282600,67.606447
"2015-04-23",68.93,69.5,68.790001,69.220001,2378200,67.65532
"2015-04-22",69,69.309998,68.690002,69.279999,2350100,67.713961
"2015-04-21",68.639999,69.330002,68.639999,69.010002,2934100,67.450068
"2015-04-20",68.699997,69.199997,68.309998,68.459999,4681500,66.541087
"2015-04-17",69.690002,69.839996,68.980003,69.279999,2238000,67.338103
"2015-04-16",69.959999,70.300003,69.660004,70.080002,2166500,68.115682
"2015-04-15",69.720001,70.360001,69.620003,69.879997,2370700,67.921283
"2015-04-14",69.040001,70.019997,69,69.629997,2468600,67.678291
"2015-04-13",69.349998,69.769997,69.129997,69.309998,1553600,67.36726
"2015-04-10",69.889999,70.040001,69.580002,69.610001,1708400,67.658855
"2015-04-09",69.800003,70.059998,69.279999,69.959999,1853100,67.999043
"2015-04-08",69.739998,70.25,69.419998,69.900002,1498700,67.940727
"2015-04-07",69.93,70.440002,69.690002,69.709999,1777400,67.75605
"2015-04-06",69.019997,70.300003,68.879997,69.949997,2021700,67.989321
"2015-04-02",69.050003,69.449997,68.809998,69.330002,1914000,67.386704
"2015-04-01",69.339996,69.339996,68.610001,69.089996,3075100,67.153426
"2015-03-31",68.860001,69.739998,68.839996,69.339996,4180400,67.396418
"2015-03-30",68.75,69.5,68.540001,69.290001,1967200,67.347824
"2015-03-27",68.910004,69.089996,68.419998,68.75,2004200,66.822959
"2015-03-26",68.720001,69.209999,68.480003,68.739998,2890600,66.813238
"2015-03-25",69.709999,69.910004,68.82,68.889999,3458500,66.959035
"2015-03-24",69.980003,70.650002,69.309998,69.309998,2849300,67.36726
"2015-03-23",69.650002,70.389999,69.300003,70.169998,3123400,68.203156
"2015-03-20",68.650002,69.610001,68.519997,69.559998,4508200,67.610253
"2015-03-19",68.18,68.529999,67.809998,68.290001,2881200,66.375854
"2015-03-18",68.25,68.739998,66.879997,68.330002,5386900,66.414734
"2015-03-17",68.550003,68.809998,68.330002,68.410004,2843100,66.492493
"2015-03-16",68.699997,69.150002,68.580002,69.019997,2969300,67.085388
"2015-03-13",68.290001,68.519997,67.919998,68.459999,3451400,66.541087
"2015-03-12",68.32,68.580002,68.150002,68.529999,2456700,66.609125
"2015-03-11",68.269997,68.419998,67.690002,67.889999,2643200,65.987064
"2015-03-10",69.279999,69.300003,68.400002,68.400002,2492600,66.482771
"2015-03-09",69.120003,69.800003,69.059998,69.589996,2564500,67.639411
"2015-03-06",70.830002,70.980003,69.139999,69.25,3555200,67.308945
"2015-03-05",70.970001,71.559998,70.790001,71.459999,3713300,69.456998
"2015-03-04",70.480003,70.760002,70.230003,70.68,2715900,68.698862
"2015-03-03",71,71,70.290001,70.68,2010300,68.698862
"2015-03-02",70.82,71.080002,70.389999,71.010002,1787700,69.019614
"2015-02-27",71.040001,71.129997,70.730003,70.82,1997300,68.834938
"2015-02-26",70.940002,71.290001,70.660004,71.110001,1855900,69.11681
"2015-02-25",71.050003,71.190002,70.75,71.010002,2498500,69.019614
"2015-02-24",70.860001,71.220001,70.470001,71.010002,2497100,69.019614
"2015-02-23",71.010002,71.010002,70.459999,70.68,2389100,68.698862
"2015-02-20",70.129997,70.349998,69.57,70.239998,2358900,68.271193
"2015-02-19",70.360001,70.790001,69.919998,70.209999,3245500,68.242035
"2015-02-18",69.760002,70.610001,69.760002,70.540001,2771400,68.562787
"2015-02-17",70,70.459999,69.629997,70.190002,3342300,68.222599
"2015-02-13",69.529999,70.150002,69.5,70.080002,2554900,68.115682
"2015-02-12",69.32,69.860001,69.32,69.849998,2829900,67.892125
"2015-02-11",69.550003,69.870003,69.059998,69.470001,2232000,67.522779
"2015-02-10",69.370003,69.620003,68.910004,69.440002,1962700,67.493621
"2015-02-09",69.129997,69.410004,68.900002,69.07,2113000,67.13399
"2015-02-06",69.709999,69.739998,68.959999,69.300003,2637400,67.357546
"2015-02-05",69.489998,70.18,69.300003,69.790001,3408400,67.83381
"2015-02-04",69.25,69.790001,69.040001,69.199997,3075300,67.260343
"2015-02-03",69.190002,69.220001,68.5,69.190002,3345500,67.250629
"2015-02-02",67.360001,69.089996,66.980003,68.989998,4609000,67.05623
"2015-01-30",68.349998,68.589996,67.459999,67.519997,5926600,65.627433
"2015-01-29",68.599998,69.459999,68.220001,69.029999,6902200,67.09511
"2015-01-28",66.050003,66.209999,64.949997,65.120003,6750300,63.29471
"2015-01-27",65.690002,65.93,64.870003,65.660004,5951000,63.819575
"2015-01-26",66.959999,67.089996,66.230003,66.290001,5433500,64.431913
"2015-01-23",68.849998,69,67.099998,67.139999,4587800,65.258087
"2015-01-22",68.480003,69.440002,68.099998,69.32,3084400,67.376982
"2015-01-21",68.139999,68.959999,67.760002,68.349998,3373100,66.43417
"2015-01-20",69.040001,69.190002,68.379997,68.959999,3275000,66.677164
"2015-01-16",68.260002,69.260002,68.019997,69.169998,3787800,66.880211
"2015-01-15",68.449997,68.940002,68.209999,68.32,2376200,66.058351
"2015-01-14",67.889999,68.629997,67.839996,68.449997,2579200,66.184044
"2015-01-13",68.660004,69.330002,68.330002,68.730003,4434200,66.454782
"2015-01-12",68.599998,68.959999,67.769997,68.260002,2352000,66.000339
"2015-01-09",69.349998,69.440002,68.550003,68.599998,2284300,66.32908
"2015-01-08",68.949997,69.309998,68.68,69.279999,2745200,66.98657
"2015-01-06",68.730003,68.870003,67.629997,67.809998,3437400,65.565231
"2015-01-05",68.940002,69.43,68.449997,68.529999,2950700,66.261398
"2015-01-02",69.169998,69.260002,68.699997,69.040001,2522800,66.754517
"2014-12-31",70.089996,70.410004,69.120003,69.190002,2202300,66.899553
"2014-12-30",70.339996,70.690002,69.849998,70.040001,2085900,67.721413
"2014-12-29",70.650002,70.860001,70.330002,70.480003,1715200,68.14685
"2014-12-26",70.57,71.019997,70.57,70.879997,1297900,68.533603
"2014-12-24",71,71.309998,70.43,70.470001,1126900,68.137179
"2014-12-23",70.379997,71.209999,70.300003,71,2251200,68.649633
"2014-12-22",69.959999,70.489998,69.800003,70.260002,2562700,67.934132
"2014-12-19",69.660004,70.309998,69.580002,69.980003,5595600,67.663402
"2014-12-18",69.400002,69.480003,68.610001,69.480003,4104900,67.179954
"2014-12-17",67.589996,69.019997,67.529999,68.660004,3811700,66.387099
"2014-12-16",67.760002,68.510002,67.25,67.510002,4427400,65.275167
"2014-12-15",68.650002,69.160004,67.779999,67.949997,4459400,65.700596
"2014-12-12",68.769997,69.599998,68.559998,68.57,3369900,66.300075
"2014-12-11",68.959999,69.980003,68.959999,69.279999,2607000,66.98657
"2014-12-10",69.419998,69.690002,68.82,68.870003,2323100,66.590146
"2014-12-09",68.93,69.370003,68.769997,69.330002,2781900,67.034918
"2014-12-08",69.5,69.809998,69.220001,69.440002,2613700,67.141277
"2014-12-05",69.25,69.379997,68.559998,69.370003,2521900,67.073595
"2014-12-04",69.059998,69.57,68.830002,69.449997,3071000,67.150941
"2014-12-03",69.699997,69.699997,68.779999,69.059998,2408700,66.773852
"2014-12-02",69.510002,69.900002,69.150002,69.860001,2365400,67.547372
"2014-12-01",68.669998,69.800003,68.629997,69.400002,2507600,67.1026
"2014-11-28",68.879997,69.900002,68.830002,69.589996,1876700,67.286306
"2014-11-26",68.470001,68.739998,68.330002,68.690002,1895200,66.416105
"2014-11-25",67.970001,68.449997,67.82,68.330002,2570600,66.068022
"2014-11-24",68.5,68.540001,67.910004,67.949997,2521200,65.700596
"2014-11-21",68.629997,68.860001,68.330002,68.339996,3142700,66.077685
"2014-11-20",68.110001,68.400002,67.910004,68.059998,1654400,65.806955
"2014-11-19",67.919998,68.32,67.639999,68.290001,2136600,66.029345
"2014-11-18",68,68.110001,67.629997,67.970001,1880800,65.719938
"2014-11-17",67.480003,67.970001,67.339996,67.919998,1950200,65.671591
"2014-11-14",68.199997,68.339996,67.510002,67.559998,3054800,65.323507
"2014-11-13",68.940002,68.989998,68.260002,68.290001,2316700,66.029345
"2014-11-12",68.239998,68.870003,68.129997,68.699997,2156300,66.425768
"2014-11-11",68.510002,68.699997,68.300003,68.470001,1510000,66.203386
"2014-11-10",67.919998,68.559998,67.82,68.550003,2475000,66.28074
"2014-11-07",68.080002,68.199997,67.550003,68.050003,1892500,65.797292
"2014-11-05",68.809998,68.809998,67.879997,68.150002,2529900,65.89398
"2014-11-04",67.169998,68.150002,67.139999,68.050003,3836300,65.797292
"2014-11-03",66.800003,67.459999,66.709999,67.410004,2817400,65.178479
"2014-10-31",67.019997,67.120003,66.459999,66.879997,4362600,64.666018
"2014-10-30",65.760002,66.660004,65.519997,66.410004,2161800,64.211583
"2014-10-29",65.790001,66.110001,65.32,65.849998,2384200,63.670116
"2014-10-28",66.370003,66.43,65.580002,65.790001,2840000,63.612104
"2014-10-27",65.330002,66.32,65.260002,66.110001,3265300,63.921511
"2014-10-24",64.169998,65.800003,64,65.349998,4384400,63.186668
"2014-10-23",65.739998,65.769997,64.839996,65.050003,4083000,62.896603
"2014-10-22",65.410004,65.699997,65.260002,65.32,4656000,63.157662
"2014-10-21",64.849998,65.57,64.309998,65.419998,3013100,63.25435
"2014-10-20",63.580002,64.599998,63.580002,64.540001,3018100,62.403484
"2014-10-17",63.5,63.880001,63.02,63.73,3832000,61.620297
"2014-10-16",62.810001,63.400002,62.529999,63.110001,4995000,61.020822
"2014-10-15",63.669998,64.040001,62.68,63.529999,5418100,61.426917
"2014-10-13",65.349998,65.349998,64.160004,64.190002,3706800,61.718178
"2014-10-10",65.389999,65.760002,65.239998,65.290001,3860900,62.775818
"2014-10-09",65.519997,65.919998,65.150002,65.199997,4065400,62.689279
"2014-10-08",64.900002,65.860001,64.849998,65.82,3696600,63.285407
"2014-10-07",64.760002,65.279999,64.639999,64.900002,4280100,62.400836
"2014-10-06",65.160004,65.489998,64.940002,65.269997,3154700,62.756584
"2014-10-03",65.209999,65.610001,64.860001,65.459999,3793100,62.939269
"2014-10-02",64.75,64.980003,64.510002,64.779999,3230500,62.285455
"2014-10-01",65.220001,65.290001,64.800003,64.889999,3385200,62.391219
"2014-09-30",65.760002,65.830002,65.160004,65.220001,5033900,62.708513
"2014-09-29",65.410004,65.690002,65.190002,65.629997,3073900,63.102721
"2014-09-26",65.43,65.849998,65.059998,65.699997,1988000,63.170026
"2014-09-25",66.019997,66.059998,65.459999,65.480003,2553000,62.958503
"2014-09-24",65.459999,66.360001,65.459999,66.230003,4024400,63.679622
"2014-09-23",65.459999,65.839996,65.349998,65.400002,3138500,62.881582
"2014-09-22",65.449997,65.889999,65.309998,65.690002,2871100,63.160416
"2014-09-19",65.599998,65.669998,65.230003,65.279999,5260800,62.766201
"2014-09-18",65.279999,65.449997,65.040001,65.309998,3443400,62.795044
"2014-09-17",65.410004,65.419998,64.839996,65.239998,3709500,62.72774
"2014-09-16",64.379997,65.400002,64.25,65.139999,4466400,62.631592
"2014-09-15",64.220001,64.790001,64.129997,64.510002,3135900,62.025855
"2014-09-12",64.18,64.559998,64.080002,64.480003,3230400,61.997011
"2014-09-11",63.970001,64.5,63.779999,64.419998,3271900,61.939317
"2014-09-10",63.5,64.080002,63.360001,64,2769700,61.535492
"2014-09-09",63.5,63.720001,63.369999,63.43,3520600,60.987442
"2014-09-08",64.440002,64.529999,63.630001,63.639999,3739100,61.189354
"2014-09-05",64.269997,64.879997,64.120003,64.860001,3441700,62.362376
"2014-09-04",64.480003,64.629997,64.080002,64.309998,3288600,61.833552
"2014-09-03",64.849998,64.889999,64.309998,64.419998,3304200,61.939317
"2014-09-02",64.440002,64.699997,64.160004,64.419998,3045400,61.939317
"2014-08-29",64.739998,64.760002,64.400002,64.730003,2102500,62.237384
"2014-08-28",64.629997,64.739998,64.449997,64.510002,2204600,62.025855
"2014-08-27",64.790001,64.93,64.580002,64.830002,2084400,62.333532
"2014-08-26",64.900002,65.110001,64.709999,64.790001,2390400,62.295072
"2014-08-25",64.919998,65.139999,64.720001,64.870003,1556800,62.371993
"2014-08-22",64.900002,64.970001,64.529999,64.57,1642200,62.083542
"2014-08-21",64.550003,65.010002,64.550003,64.809998,2500000,62.314298
"2014-08-20",64.419998,64.809998,64.239998,64.669998,2815800,62.17969
"2014-08-19",64.529999,64.540001,64.040001,64.260002,3273800,61.785482
"2014-08-18",64.349998,65,64.300003,64.620003,3797400,62.13162
"2014-08-15",64.400002,64.669998,63.689999,64.129997,3972300,61.660483
"2014-08-14",64.400002,64.550003,64.040001,64.209999,4143700,61.737404
"2014-08-13",64.599998,64.699997,64.050003,64.379997,3686800,61.900856
"2014-08-12",64.529999,64.839996,64.330002,64.419998,4138700,61.939317
"2014-08-11",65.339996,65.699997,65.010002,65.059998,4085500,62.554671
"2014-08-08",64.370003,65.220001,64.32,65.18,2175300,62.670053
"2014-08-07",64.970001,65.07,64.309998,64.449997,2797600,61.96816
"2014-08-06",63.919998,65.25,63.919998,64.800003,5742500,62.304689
"2014-08-05",63.5,64.07,63.48,63.77,4336500,61.314349
"2014-08-04",63.880001,64.129997,63.560001,63.759998,4342400,61.304732
"2014-08-01",63.060001,64.669998,62.889999,63.950001,5261900,61.487418
"2014-07-31",64.730003,64.989998,63.400002,63.400002,6849300,60.958598
"2014-07-30",66.459999,66.730003,66.019997,66.110001,3740600,63.564241
"2014-07-29",67.07,67.32,66.260002,66.360001,4919000,63.804614
"2014-07-28",67.639999,67.889999,67.089996,67.330002,1711600,64.737262
"2014-07-25",68.099998,68.169998,67.529999,67.589996,1594300,64.987245
"2014-07-24",68.330002,68.339996,67.989998,68.110001,1917300,65.487225
"2014-07-23",68.599998,68.690002,67.970001,68.169998,1919700,65.544912
"2014-07-22",68.760002,68.989998,68.400002,68.589996,1965700,65.948737
"2014-07-21",68.559998,68.889999,68.440002,68.760002,1516400,66.112196
"2014-07-17",69.360001,69.5,68.599998,68.599998,2366300,65.958354
"2014-07-16",69.599998,69.900002,69.330002,69.449997,2499400,66.775621
"2014-07-15",69.660004,69.800003,69.349998,69.660004,2835200,66.631404
"2014-07-14",69.779999,70.110001,69.730003,69.790001,2198500,66.755749
"2014-07-11",69.470001,69.620003,69.25,69.519997,1681500,66.497484
"2014-07-10",69.330002,69.720001,69.300003,69.419998,2933900,66.401833
"2014-07-09",69.529999,69.889999,69.419998,69.650002,2497500,66.621837
"2014-07-08",68.589996,69.580002,68.550003,69.5,3835000,66.478357
"2014-07-07",68.790001,68.949997,68.610001,68.860001,1951800,65.866183
"2014-07-03",68.440002,68.82,68.440002,68.82,1205500,65.827921
"2014-07-02",68.360001,68.75,68.300003,68.470001,1194200,65.493139
"2014-07-01",68.5,68.599998,67.949997,68.480003,2150000,65.502706
"2014-06-30",68.309998,68.860001,67.919998,68.18,2711400,65.215747
"2014-06-27",67.779999,68.489998,67.57,68.43,4109300,65.454877
"2014-06-26",67.839996,68.029999,67.510002,67.900002,2154600,64.947921
"2014-06-25",67.910004,68.089996,67.699997,67.949997,2117200,64.995743
"2014-06-24",67.760002,68.220001,67.550003,67.949997,2438700,64.995743
"2014-06-23",68.349998,68.360001,67.709999,67.830002,2656100,64.880965
"2014-06-20",69.300003,69.470001,68.330002,68.379997,4035200,65.407048
"2014-06-19",68.910004,69.449997,68.910004,69.43,3072200,66.411401
"2014-06-18",67.760002,68.769997,67.760002,68.730003,2337700,65.741837
"2014-06-17",68.029999,68.050003,67.669998,67.889999,1644400,64.938354
"2014-06-16",67.629997,68.18,67.330002,68.089996,1810000,65.129656
"2014-06-13",67.779999,67.970001,67.720001,67.860001,1559000,64.90966
"2014-06-12",68.349998,68.599998,67.629997,67.839996,2131500,64.890525
"2014-06-11",68.610001,68.699997,68.309998,68.620003,2063900,65.636619
"2014-06-10",68.290001,68.940002,68.269997,68.690002,2931800,65.703575
"2014-06-09",67.889999,68.639999,67.879997,68.440002,2260000,65.464445
"2014-06-06",68.050003,68.199997,67.860001,68.019997,2941800,65.062699
"2014-06-05",67.839996,68.199997,67.709999,67.959999,2872700,65.00531
"2014-06-04",67.339996,67.730003,66.980003,67.709999,2659500,64.76618
"2014-06-03",68.029999,68.150002,67.120003,67.239998,3143700,64.316613
"2014-06-02",68.129997,68.269997,67.809998,68.209999,2924900,65.244441
"2014-05-30",66.940002,68.470001,66.849998,68.400002,7885400,65.426183
"2014-05-29",66.379997,66.959999,66.260002,66.919998,6367200,64.010525
"2014-05-28",66.699997,66.709999,66.099998,66.120003,3281200,63.245311
"2014-05-27",66.889999,66.940002,66.519997,66.709999,3614400,63.809656
"2014-05-23",66.800003,67.160004,66.5,66.730003,3253500,63.828791
"2014-05-22",66.709999,66.800003,66.370003,66.610001,2679200,63.714006
"2014-05-21",66.690002,66.849998,66.459999,66.809998,1706400,63.905307
"2014-05-20",66.699997,66.919998,66.379997,66.559998,1778900,63.666177
"2014-05-19",66.559998,66.809998,66.32,66.730003,1832500,63.828791
"2014-05-16",66.300003,66.970001,66.300003,66.919998,2840300,64.010525
"2014-05-15",66.739998,67.089996,66.309998,66.410004,2440500,63.522704
"2014-05-14",67.220001,67.580002,66.900002,66.959999,1604000,64.048787
"2014-05-13",67.209999,67.389999,67,67.260002,1797000,64.335747
"2014-05-12",67.75,67.75,67.07,67.190002,1690900,64.268791
"2014-05-09",67.019997,67.730003,67.019997,67.650002,2418100,64.708791
"2014-05-08",67.139999,67.360001,66.879997,67.099998,1714000,64.1827
"2014-05-07",66.760002,67.400002,66.760002,67.230003,2191000,64.307053
"2014-05-06",66.629997,67.150002,66.610001,66.709999,2012900,63.809656
"2014-05-05",66.870003,67.139999,66.669998,66.900002,2032600,63.991398
"2014-05-02",66.900002,67.330002,66.800003,67.099998,2538900,64.1827
"2014-05-01",67.18,67.419998,66.540001,67.010002,2652400,64.096616
"2014-04-30",67.309998,67.68,67.080002,67.300003,3839500,64.374009
"2014-04-29",67.75,67.82,67.029999,67.040001,4473600,64.125311
"2014-04-28",66.660004,67.949997,66.580002,67.860001,4539000,64.90966
"2014-04-25",66.5,66.940002,65.919998,66.239998,3169500,63.360089
"2014-04-24",66.050003,66.459999,65.949997,66.43,3992000,63.541831
"2014-04-23",66.379997,66.57,65.800003,65.870003,3688200,63.006181
"2014-04-22",66.910004,67.089996,66.349998,66.360001,3283700,63.474875
"2014-04-21",66.699997,67.050003,66.150002,66.839996,2132200,63.934002
"2014-04-17",66.75,67.169998,66.529999,66.940002,3599300,64.02966
"2014-04-16",66.57,67.400002,66.410004,67.18,3575800,63.914875
"2014-04-15",66.089996,66.470001,65.830002,66.370003,4172700,63.144245
"2014-04-14",65.660004,66.010002,65.529999,65.860001,3040300,62.659031
"2014-04-11",65.760002,66.269997,65.25,65.309998,4838300,62.135759
"2014-04-10",65.589996,66.309998,65.389999,65.940002,6901000,62.735144
"2014-04-09",65.599998,65.980003,65.459999,65.730003,3408700,62.535352
"2014-04-08",64.839996,65.669998,64.739998,65.629997,4400900,62.440206
"2014-04-07",63.919998,65.300003,63.91,64.919998,4229000,61.764715
"2014-04-04",64.57,64.650002,64.129997,64.220001,2435300,61.09874
"2014-04-03",64.489998,64.660004,64.209999,64.279999,2426400,61.155821
"2014-04-02",64.330002,64.599998,63.869999,64.300003,2969600,61.174853
"2014-04-01",64.870003,65.099998,64.029999,64.220001,3089100,61.09874
"2014-03-31",64.5,64.919998,64.029999,64.870003,3568300,61.717149
"2014-03-28",64.040001,64.599998,63.720001,64.099998,2857600,60.984569
"2014-03-27",64.25,65.919998,63.990002,64.059998,8116000,60.946513
"2014-03-26",63.869999,64.550003,63.700001,64.269997,2737000,61.146305
"2014-03-25",63.720001,64.300003,63.310001,63.77,3161400,60.67061
"2014-03-24",63.77,64.050003,63.259998,63.310001,2417900,60.232968
"2014-03-21",64.059998,64.129997,63.32,63.459999,5963400,60.375676
"2014-03-20",63.299999,63.700001,63.07,63.59,1978900,60.499358
"2014-03-19",64.269997,64.32,63.139999,63.389999,2285500,60.309078
"2014-03-18",64.519997,64.589996,64.209999,64.339996,2148700,61.212903
"2014-03-17",64.050003,64.690002,63.91,64.400002,2838300,61.269991
"2014-03-14",63.139999,63.990002,63.060001,63.830002,3620000,60.727695
"2014-03-13",63.32,63.880001,63.110001,63.23,2633000,60.156855
"2014-03-12",62.91,63.400002,62.869999,63.220001,2368700,60.147342
"2014-03-11",63.169998,63.82,63.060001,63.290001,3367300,60.21394
"2014-03-10",62.939999,63.200001,62.860001,63.049999,1955500,59.985603
"2014-03-07",63.09,63.23,62.849998,63.130001,1992800,60.061716
"2014-03-06",62.779999,63.189999,62.639999,63.02,2665900,59.957062
"2014-03-05",62.82,62.950001,62.540001,62.619999,2401100,59.576502
"2014-03-04",62.669998,63.259998,62.669998,63.009998,2937600,59.947546
"2014-03-03",62.23,62.630001,62,62.220001,2714800,59.195945
"2014-02-28",62.389999,63.150002,62.09,62.830002,3366200,59.776298
"2014-02-27",61.740002,62.209999,61.619999,62.119999,2469700,59.100803
"2014-02-26",62.110001,62.540001,61.860001,61.950001,3026300,58.939067
"2014-02-25",62.040001,62.23,61.68,62.07,3961200,59.053234
"2014-02-24",61.810001,62.470001,61.580002,61.950001,3236300,58.939067
"2014-02-21",61.959999,62.540001,61.529999,61.560001,3166400,58.568023
"2014-02-20",61.48,62.110001,61.349998,61.860001,2658300,58.853441
"2014-02-19",61.970001,62.189999,61.439999,61.529999,3358500,58.539478
"2014-02-18",62.860001,62.860001,62,62.389999,2951100,59.357681
"2014-02-14",62.380001,62.900002,61.810001,62.68,3116100,59.633587
"2014-02-13",61.450001,62.41,61.439999,62.310001,3090900,59.281571
"2014-02-12",62.41,62.740002,61.68,61.919998,3972100,58.910523
"2014-02-11",61.669998,62.48,61.389999,62.400002,3701400,59.367197
"2014-02-10",60.84,61.619999,60.810001,61.52,4451800,58.529966
"2014-02-07",60.779999,61.150002,60.540001,60.860001,3651200,57.902044
"2014-02-06",60.509998,60.84,60.27,60.599998,4190900,57.654679
"2014-02-05",60.150002,60.790001,60.02,60.419998,5981000,57.483427
"2014-02-04",60.349998,60.669998,60.139999,60.349998,5220800,57.416829
"2014-02-03",61.220001,61.299999,59.75,60.169998,6868200,57.245577
"2014-01-31",60.610001,61.59,60,61.23,6831800,58.25406
"2014-01-30",63.439999,63.810001,61.130001,61.490002,5456400,58.501425
"2014-01-29",62.790001,62.790001,61.43,61.59,5682200,58.596564
"2014-01-28",62.200001,62.93,62.200001,62.869999,3377600,59.814351
"2014-01-27",62.470001,62.650002,61.950001,62.110001,4636800,59.091291
"2014-01-24",63.389999,63.950001,62.389999,62.389999,5429400,59.357681
"2014-01-23",63.43,63.740002,63.23,63.439999,3263800,60.356647
"2014-01-22",64.540001,64.699997,63.869999,64.010002,2323200,60.898947
"2014-01-21",65.050003,65.410004,64.290001,64.739998,2828700,61.269987
"2014-01-17",64.910004,65.110001,64.68,64.699997,3937400,61.23213
"2014-01-16",64.580002,65.120003,64.389999,64.980003,2636400,61.497129
"2014-01-15",64.860001,64.970001,64.349998,64.779999,2287400,61.307844
"2014-01-14",64.699997,64.989998,64.559998,64.849998,2480000,61.374092
"2014-01-13",64.900002,65.389999,64.540001,64.690002,3140800,61.222671
"2014-01-10",65.120003,65.459999,64.879997,65.080002,2956500,61.591767
"2014-01-09",64.129997,65.279999,63.799999,65.019997,4826400,61.534978
"2014-01-08",64.169998,64.199997,63.41,63.540001,3286300,60.134309
"2014-01-07",64.489998,64.580002,64.029999,64.199997,2872100,60.75893
"2014-01-06",64.440002,64.550003,63.990002,64.139999,2583500,60.702148
"2014-01-03",64.209999,64.489998,63.990002,64.18,2113700,60.740005
"2013-12-31",65.419998,65.519997,65,65.209999,1827400,61.714797
"2013-12-30",65.43,65.610001,65.199997,65.43,1892700,61.923006
"2013-12-27",65.07,65.449997,64.989998,65.370003,1814500,61.866224
"2013-12-26",64.709999,64.870003,64.489998,64.830002,1683300,61.355167
"2013-12-24",64.709999,64.889999,64.550003,64.709999,1051200,61.241596
"2013-12-23",64.919998,64.919998,64.349998,64.629997,2525900,61.165882
"2013-12-20",64.269997,65.050003,64.169998,64.739998,4667700,61.269987
"2013-12-18",63.779999,64.68,62.799999,64.639999,3940300,61.175349
"2013-12-17",64,64.080002,63.279999,63.580002,2243900,60.172166
"2013-12-16",64.139999,64.400002,63.830002,64.040001,2676600,60.607509
"2013-12-13",64.129997,64.260002,63.639999,63.98,2130400,60.550724
"2013-12-12",65.019997,65.080002,63.959999,63.970001,3165000,60.541262
"2013-12-11",64.830002,65.339996,64.75,64.940002,3187900,61.459272
"2013-12-10",65.459999,65.459999,64.559998,64.690002,3225300,61.222671
"2013-12-09",65.730003,65.989998,65.5,65.690002,2340700,62.169072
"2013-12-06",65.129997,65.870003,65.089996,65.660004,2389300,62.140681
"2013-12-05",64.839996,65.050003,64.470001,64.540001,2057100,61.08071
"2013-12-04",64.940002,65.139999,64.32,65.040001,2762600,61.55391
"2013-12-03",65.010002,65.43,64.879997,65.370003,2183700,61.866224
"2013-12-02",65.639999,65.959999,65.059998,65.279999,2458500,61.781044
"2013-11-29",65.900002,66.400002,65.730003,65.809998,1621600,62.282636
"2013-11-27",66.230003,66.25,65.440002,65.830002,1764000,62.301568
"2013-11-26",66.099998,66.440002,65.779999,66.010002,2539800,62.47192
"2013-11-25",66.419998,66.489998,65.830002,65.949997,2165800,62.415131
"2013-11-22",65.959999,66.419998,65.839996,66.260002,2780700,62.70852
"2013-11-21",65.370003,66.040001,65.32,65.980003,3404500,62.443529
"2013-11-20",65.440002,65.75,65.040001,65.260002,2202300,61.76212
"2013-11-19",64.970001,65.389999,64.949997,65.279999,2381900,61.781044
"2013-11-18",65.800003,65.93,65.019997,65.18,2039200,61.686406
"2013-11-15",65.720001,65.970001,65.379997,65.779999,2364300,62.254245
"2013-11-14",65.330002,65.709999,65.239998,65.599998,2673700,62.083892
"2013-11-13",64.599998,65.120003,64.419998,65.089996,2727600,61.601226
"2013-11-12",64.440002,64.860001,64,64.720001,3570800,61.251062
"2013-11-11",64.900002,65.110001,64.550003,64.620003,1940000,61.156424
"2013-11-08",64.650002,64.849998,64.129997,64.830002,3020200,61.355167
"2013-11-07",65.970001,65.970001,64.620003,64.800003,4245600,61.326776
"2013-11-06",65.610001,66.050003,65.389999,66.010002,2523600,62.47192
"2013-11-05",65.550003,65.760002,65.050003,65.360001,3571100,61.856758
"2013-11-04",65.559998,65.800003,65.209999,65.730003,2657200,62.206929
"2013-11-01",64.82,65.559998,64.559998,65.389999,3770700,61.885149
"2013-10-31",65,65.230003,64.669998,64.730003,3944900,61.260528
"2013-10-30",65.980003,66.040001,65.059998,65.220001,2721700,61.724263
"2013-10-29",64.889999,66,64.720001,65.940002,4525900,62.405672
"2013-10-28",63.689999,64.790001,63.66,64.760002,4087300,61.288919
"2013-10-25",63.240002,63.720001,63.080002,63.599998,4429800,60.191091
"2013-10-24",62.419998,63.299999,61.93,63.040001,5188300,59.661109
"2013-10-23",63.189999,63.759998,63.080002,63.470001,4075600,60.068061
"2013-10-22",62.389999,63.610001,62.25,63.470001,3688600,60.068061
"2013-10-21",62.759998,62.779999,61.860001,62.259998,3253500,58.922914
"2013-10-18",63.130001,63.130001,62.130001,62.810001,4716400,59.443437
"2013-10-17",61.889999,63.630001,61.790001,63.41,4795900,59.689502
"2013-10-16",61.330002,62.349998,61.23,62.279999,2544400,58.625802
"2013-10-15",61.509998,61.75,61.09,61.23,3007400,57.63741
"2013-10-14",61.150002,61.59,61.060001,61.529999,1954300,57.919807
"2013-10-11",60.689999,61.470001,60.52,61.450001,2573500,57.844503
"2013-10-10",60.650002,60.799999,60.110001,60.790001,3003900,57.223228
"2013-10-09",59.07,60.27,58.939999,59.830002,4594700,56.319555
"2013-10-08",59.299999,59.599998,58.939999,58.959999,3958200,55.500599
"2013-10-07",59.009998,59.419998,58.880001,59.209999,3725600,55.735931
"2013-10-04",59.220001,59.490002,58.900002,59.330002,2172500,55.848892
"2013-10-03",59.119999,59.509998,58.720001,59.220001,2620000,55.745346
"2013-10-02",59.700001,59.75,59.029999,59.43,2736900,55.943023
"2013-10-01",59.23,60.18,59.080002,60.09,2676400,56.564299
"2013-09-30",60.16,60.540001,59.09,59.299999,5172800,55.82065
"2013-09-27",60.07,60.279999,59.650002,59.93,2945800,56.413687
"2013-09-26",59.630001,60.41,59.490002,60.389999,2687700,56.846696
"2013-09-25",60.02,60.130001,59.290001,59.34,2714500,55.858304
"2013-09-24",60.02,60.419998,59.830002,59.869999,2600300,56.357206
"2013-09-23",60.450001,60.470001,59.939999,60.200001,1935500,56.667845
"2013-09-20",60.84,60.990002,60.439999,60.439999,3985400,56.893761
"2013-09-19",61.240002,61.279999,60.799999,60.970001,3252800,57.392667
"2013-09-18",60.060001,61.189999,59.799999,61.189999,3832500,57.599756
"2013-09-17",59.669998,59.990002,59.34,59.799999,2898000,56.291313
"2013-09-16",59.779999,60.240002,59.669998,60.02,2384100,56.498406
"2013-09-13",59.43,59.689999,59.27,59.43,1754500,55.943023
"2013-09-12",59.110001,59.380001,58.919998,59.279999,1737700,55.801823
"2013-09-11",58.490002,59.259998,58.43,59.25,2194100,55.773584
"2013-09-10",58.790001,59.09,58.290001,58.59,2351100,55.152309
"2013-09-09",58,58.779999,58,58.57,2094000,55.133482
"2013-09-06",57.759998,58.23,57.470001,58,2752700,54.596927
"2013-09-05",57.68,57.779999,57.360001,57.529999,2758900,54.154502
"2013-09-04",57.450001,58.189999,57.259998,57.799999,2797900,54.408661
"2013-09-03",58.349998,58.389999,57.380001,57.450001,3376100,54.079198
"2013-08-30",57.330002,57.82,57.25,57.77,3502500,54.380422
"2013-08-29",57.09,57.560001,56.939999,57.25,2627300,53.890932
"2013-08-28",57.509998,57.509998,57.139999,57.27,2641000,53.909759
"2013-08-27",57.560001,57.900002,57.41,57.639999,2780300,54.258049
"2013-08-26",59.080002,59.25,58.200001,58.220001,1960700,54.80402
"2013-08-23",58.509998,59.080002,58.439999,59.029999,2728900,55.566492
"2013-08-22",58.470001,58.59,58.25,58.450001,3035500,55.020524
"2013-08-21",59,59.049999,58.439999,58.509998,3036800,55.077001
"2013-08-20",59.240002,59.619999,59.02,59.09,1946300,55.622972
"2013-08-19",59.279999,59.380001,58.91,59.150002,2351400,55.679453
"2013-08-16",59.52,59.669998,59.119999,59.470001,3130100,55.980677
"2013-08-15",60.299999,60.580002,59.689999,59.810001,2814400,56.300729
"2013-08-14",61,61.139999,60.439999,60.669998,2383200,57.110266
"2013-08-13",61,61.200001,60.790001,61.080002,2430100,57.496213
"2013-08-12",60.299999,60.98,60.240002,60.959999,2276400,57.383252
"2013-08-09",60.830002,61.049999,60.470001,60.68,1656000,57.119681
"2013-08-08",61.27,61.5,60.5,60.91,2817000,57.336186
"2013-08-07",60.799999,61.169998,60.650002,60.939999,2469800,57.364425
"2013-08-06",60.82,61.25,60.759998,60.990002,2586100,57.411494
"2013-08-05",60.490002,61.080002,60.459999,60.98,2965100,57.402079
"2013-08-02",60.259998,60.580002,60.009998,60.529999,2508800,56.978481
"2013-08-01",60.27,60.82,60.240002,60.560001,2799300,57.006723
"2013-07-31",60.34,60.669998,59.849998,59.869999,3867500,56.357206
"2013-07-30",60.400002,60.68,59.91,60.240002,3269000,56.705499
"2013-07-29",59.990002,60.360001,59.849998,60.080002,2992400,56.554887
"2013-07-26",59.459999,60.259998,59.150002,60.25,4022400,56.714911
"2013-07-25",58.700001,59.900002,58.5,59.619999,4558000,56.121874
"2013-07-23",58.610001,58.790001,58.23,58.41,2627100,54.98287
"2013-07-22",58.759998,59.07,58.450001,58.650002,2303700,55.20879
"2013-07-19",58.470001,58.919998,58.25,58.880001,3135900,55.425295
"2013-07-18",58.330002,58.990002,58.209999,58.799999,3242900,55.029933
"2013-07-17",58.599998,58.709999,58.07,58.360001,2873500,54.618146
"2013-07-16",58.709999,58.799999,58.09,58.48,3068000,54.730451
"2013-07-15",59.240002,59.27,58.580002,58.82,3302400,55.048651
"2013-07-12",58.98,59.23,58.669998,59.139999,2651200,55.348133
"2013-07-11",59.240002,59.360001,58.630001,58.950001,4292100,55.170317
"2013-07-10",58.990002,59.27,58.490002,58.619999,2434900,54.861474
"2013-07-09",59.029999,59.240002,58.82,58.98,2916100,55.198392
"2013-07-08",57.98,58.639999,57.98,58.580002,2492100,54.824041
"2013-07-05",58,58.220001,57.110001,57.860001,2501300,54.150204
"2013-07-03",57.540001,57.939999,57.189999,57.82,2443200,54.112768
"2013-07-02",57.939999,58.200001,57.5,57.720001,3355700,54.019181
"2013-07-01",57.599998,58.66,57.580002,57.950001,3727600,54.234434
"2013-06-28",57.099998,57.669998,56.799999,57.290001,5508900,53.616751
"2013-06-27",57.509998,57.830002,57.139999,57.389999,2983100,53.710338
"2013-06-26",56.779999,57.200001,56.419998,57,4130400,53.345344
"2013-06-25",56.490002,56.66,55.860001,56.220001,4152100,52.615356
"2013-06-24",56.279999,56.740002,55.470001,56.150002,4418700,52.549844
"2013-06-21",56.389999,57.09,56.009998,56.810001,6013600,53.167527
"2013-06-20",57.599998,57.720001,55.689999,55.869999,7546900,52.287795
"2013-06-19",59.669998,59.799999,57.98,58,4256400,54.281227
"2013-06-18",59.700001,59.919998,59.48,59.700001,3156100,55.872229
"2013-06-17",59.099998,59.919998,59.029999,59.639999,3724200,55.816075
"2013-06-14",58.509998,59.009998,58.209999,58.82,3099100,55.048651
"2013-06-13",58.119999,58.650002,57.189999,58.459999,2516500,54.711732
"2013-06-12",58.990002,59.5,58.150002,58.16,2344900,54.430968
"2013-06-11",58.450001,59.240002,58.060001,58.619999,2338900,54.861474
"2013-06-10",59.279999,59.349998,58.650002,58.82,2710200,55.048651
"2013-06-07",58.509998,59.139999,58.419998,59.099998,2980200,55.310697
"2013-06-06",57.799999,58.220001,57.07,58.040001,3861600,54.318663
"2013-06-05",58.73,58.77,57.900002,57.900002,2584900,54.18764
"2013-06-04",58.799999,59.220001,58.240002,58.869999,3066800,55.095444
"2013-06-03",57.91,58.669998,57.52,58.599998,4101400,54.842755
"2013-05-31",59.419998,59.470001,57.830002,57.84,4731300,54.131486
"2013-05-30",59.75,60.099998,59.330002,59.630001,2961000,55.806718
"2013-05-29",61.09,61.18,59.400002,59.580002,4483400,55.759924
"2013-05-28",61.860001,62.25,61.389999,61.630001,2717100,57.678484
"2013-05-24",60.869999,61.310001,60.48,61.169998,1756700,57.247975
"2013-05-23",61.07,61.330002,60.869999,60.970001,3159600,57.060801
"2013-05-22",61.5,62.130001,61.220001,61.41,3059500,57.472589
"2013-05-21",61.599998,62.080002,61.189999,61.580002,2895900,57.631691
"2013-05-20",62.040001,62.049999,61.419998,61.549999,2321300,57.603612
"2013-05-16",62.310001,62.700001,61.330002,62.380001,3077800,58.380397
"2013-05-15",122.839996,124.739998,122.660004,124.550003,7490600,58.282129
"2013-05-14",121,123.349998,121,123.349998,3101000,57.720597
"2013-05-13",120.800003,121.199997,120.32,120.910004,1837600,56.578822
"2013-05-10",120.5,120.980003,120.110001,120.720001,2484000,56.489912
"2013-05-08",120.150002,120.699997,119.839996,120.519997,2090800,56.396322
"2013-05-07",120.370003,120.5,119.830002,120.330002,2657800,56.307415
"2013-05-06",121.150002,121.269997,120.010002,120.199997,1797200,56.24658
"2013-05-03",121.269997,121.559998,120.099998,121.150002,2120800,56.691127
"2013-05-02",119.160004,121.099998,118.760002,120.730003,2341200,56.494592
"2013-05-01",119.440002,120.459999,118.879997,119.139999,2393600,55.750563
"2013-04-30",119.059998,119.779999,118.32,119.410004,3388000,55.87691
"2013-04-29",119.25,119.93,119.059998,119.370003,2610600,55.858192
"2013-04-26",119.879997,120.93,118.519997,118.989998,3885600,55.680371
"2013-04-25",120.599998,122.400002,119.32,119.419998,5879800,55.881586
"2013-04-24",121.050003,121.050003,117.690002,117.900002,4436200,55.170317
"2013-04-23",120.559998,121.440002,119.660004,121.43,3784800,56.82215
"2013-04-22",119.639999,121.089996,119.330002,120.410004,3267200,56.344851
"2013-04-19",118.660004,119.889999,118.580002,119.720001,2951600,56.02197
"2013-04-18",118.050003,119.18,118,118.57,2743400,55.165638
"2013-04-17",119.010002,119.169998,117.260002,117.849998,3133000,54.830651
"2013-04-16",117.459999,119.480003,117.07,119.330002,3551800,55.519235
"2013-04-15",118,118.639999,116.870003,116.870003,3040400,54.374701
"2013-04-12",118.580002,119.239998,118,118.370003,2151000,55.072587
"2013-04-11",118.290001,119.190002,118.209999,118.839996,2118400,55.291256
"2013-04-10",117.459999,118.529999,117.300003,118.269997,2460600,55.026059
"2013-04-09",118,118.080002,116.629997,117.25,2649400,54.551497
"2013-04-08",117.099998,117.720001,116.150002,117.720001,1488200,54.770169
"2013-04-05",116.400002,116.910004,116.019997,116.720001,1962000,54.304911
"2013-04-04",117.540001,117.730003,116.739998,117.080002,2603000,54.472404
"2013-04-03",119,119.120003,117.040001,117.309998,3354000,54.579412
"2013-04-02",118.050003,118.970001,117.970001,118.900002,2619800,55.319174
"2013-04-01",117.870003,118.139999,117.279999,117.709999,1855600,54.765516
"2013-03-28",117.110001,118.449997,116.279999,118.029999,3380000,54.914398
"2013-03-27",116.5,116.959999,116.07,116.720001,2134800,54.304911
"2013-03-26",114.800003,117.360001,114.800003,117.32,3123400,54.584065
"2013-03-25",114.769997,115.089996,114.099998,114.400002,3294600,53.225513
"2013-03-22",113.75,115,113.349998,114.410004,4500400,53.230166
"2013-03-21",114.110001,114.580002,113.699997,113.709999,2341800,52.904484
"2013-03-20",112.860001,114.800003,112.860001,114.599998,3447800,53.318563
"2013-03-19",112.110001,112.68,111.970001,112.540001,4108000,52.360133
"2013-03-18",111.639999,112.449997,111.32,112.260002,3896800,52.229861
"2013-03-15",112.940002,113.110001,112.080002,112.080002,8422800,52.146114
"2013-03-14",114.949997,114.980003,113.709999,113.839996,4585400,52.964966
"2013-03-13",115.059998,115.160004,114.620003,114.900002,2309000,53.458142
"2013-03-12",115.690002,115.75,115,115.059998,2449600,53.532581
"2013-03-11",115.830002,115.959999,115.239998,115.639999,2661000,53.802432
"2013-03-06",115.849998,115.949997,114.839996,115.349998,2423400,53.667506
"2013-03-05",115.230003,116.169998,115.099998,115.709999,2893000,53.835
"2013-03-04",114.080002,114.879997,113.860001,114.839996,2275200,53.430224
"2013-03-01",114.089996,114.419998,113.400002,114.110001,3515200,53.090588
"2013-02-28",114.660004,115.690002,114.410004,114.43,3905800,53.23947
"2013-02-27",113.550003,114.919998,112.830002,114.459999,4004200,53.253427
"2013-02-26",112.900002,114.139999,112.480003,113.910004,5666400,52.997537
"2013-02-25",114.25,115.709999,113.760002,114.010002,4942600,53.044062
"2013-02-22",113.099998,114.199997,112.809998,113.970001,3723600,53.025452
"2013-02-21",111.75,113.620003,111.510002,113.089996,4462400,52.616022
"2013-02-20",112,113,111.949997,112.110001,3273800,52.160072
"2013-02-19",110.160004,112.040001,109.919998,111.910004,5458400,52.067021
"2013-02-15",108.699997,110.32,108.699997,110.019997,5396400,51.187681
"2013-02-14",107.620003,108.730003,107.57,108.330002,3427800,50.401397
"2013-02-13",108.269997,108.330002,107.370003,107.900002,3292400,50.201336
"2013-02-12",108.400002,108.480003,107.790001,108.050003,2875600,50.271125
"2013-02-11",108.160004,108.959999,107.629997,108.290001,3744200,50.382786
"2013-02-08",110.050003,110.849998,108.419998,108.489998,7647200,50.475836
"2013-02-07",109.82,110.209999,109.330002,110.190002,3165600,51.266777
"2013-02-06",109.169998,109.879997,108.400002,109.809998,4342200,51.089977
"2013-02-05",109.470001,110.120003,109.260002,109.459999,4633600,50.927137
"2013-02-04",108.839996,109.400002,108.639999,108.730003,3299000,50.587501
"2013-02-01",108.839996,109.93,108.470001,109.839996,4831800,51.103934
"2013-01-31",108.139999,111.080002,106.739998,107.370003,9270000,49.95475
"2013-01-30",110.970001,111.370003,110.480003,110.849998,2889600,51.573846
"2013-01-29",109.959999,111,109.419998,110.910004,3249400,51.601763
"2013-01-28",110.190002,110.470001,109.239998,110.150002,3188000,51.248166
"2013-01-25",110.019997,110.419998,109.400002,110.150002,2874600,51.248166
"2013-01-24",109.290001,110.129997,109.269997,109.769997,3297000,51.071366
"2013-01-23",108.220001,108.870003,107.940002,108.809998,2253200,50.624719
"2013-01-22",108.040001,108.459999,107.739998,108.459999,2610400,50.461879
"2013-01-18",108.760002,109.010002,108.230003,109.010002,2743200,50.429313
"2013-01-17",108.349998,109.290001,108.18,108.940002,1881200,50.39693
"2013-01-16",107.400002,107.989998,107.019997,107.830002,1461000,49.883431
"2013-01-15",107.300003,107.910004,106.809998,107.739998,2236000,49.841794
"2013-01-14",107.309998,108.120003,107,107.93,1464400,49.929691
"2013-01-11",107.559998,107.919998,106.980003,107.089996,2032000,49.541095
"2013-01-10",106.300003,107.389999,106.050003,107.389999,2521600,49.67988
"2013-01-09",106.349998,106.639999,105.889999,106.129997,1967800,49.096988
"2013-01-08",105.910004,106.32,105.75,106.32,1771200,49.184886
"2013-01-07",107.269997,107.269997,105.849998,106.080002,2803600,49.07386
"2013-01-04",106.690002,108.059998,106.68,107.900002,2504800,49.915813
"2013-01-03",106.190002,106.849998,105.989998,106.660004,2959600,49.342176
"2013-01-02",105.610001,106.309998,105.230003,106.309998,4150200,49.180259
"2012-12-31",103.769997,104.629997,102.82,104.540001,3558400,48.361437
"2012-12-28",104.790001,105.269997,103.959999,104.040001,2012600,48.130132
"2012-12-27",104.559998,105.540001,104.519997,105.269997,2801800,48.699142
"2012-12-26",105.050003,105.339996,104.370003,104.709999,2688400,48.440081
"2012-12-24",104.629997,105.360001,104.599998,105.050003,1251000,48.59737
"2012-12-21",105.18,106.080002,104.839996,105.099998,5503400,48.620499
"2012-12-20",106.040001,106.559998,105.349998,105.790001,2994200,48.939702
"2012-12-19",107.150002,107.5,106.019997,106.029999,2961200,49.050728
"2012-12-18",106.419998,107.349998,105.989998,107.260002,3721400,49.619742
"2012-12-17",105.959999,106.699997,105.699997,106.209999,2951200,49.133998
"2012-12-14",106.160004,107,105.699997,105.839996,3452400,48.962831
"2012-12-13",107.230003,107.360001,105.989998,106.160004,3116400,49.11087
"2012-12-12",108,108.190002,106.68,106.989998,2731200,49.494835
"2012-12-11",107.07,108.199997,106.989998,107.879997,2862600,49.906559
"2012-12-10",107.650002,108.360001,106.629997,106.790001,3695800,49.402314
"2012-12-07",107.129997,108.389999,107.099998,108.370003,3134800,50.133241
"2012-12-06",107.010002,107.209999,106.300003,106.650002,3161000,49.337549
"2012-12-05",107.699997,107.790001,106.989998,107.209999,2765400,49.59661
"2012-12-04",108,108.099998,107.529999,107.580002,2070400,49.767778
"2012-12-03",108.629997,109,108.010002,108.089996,2029200,50.003707
"2012-11-30",108.139999,108.75,107.870003,108.5,3135000,50.19338
"2012-11-29",107.940002,108.330002,107.400002,108.010002,1873000,49.966701
"2012-11-28",107.379997,107.910004,107.169998,107.760002,2202400,49.851048
"2012-11-27",107.849998,108.480003,107.43,107.639999,2469400,49.795533
"2012-11-26",107.309998,108.089996,107.089996,107.860001,1964800,49.897308
"2012-11-23",106.510002,108,106.480003,108,1423600,49.962074
"2012-11-21",106.839996,107.050003,106.080002,106.800003,2120200,49.406941
"2012-11-20",106.610001,107.089996,106,106.910004,2351200,49.457829
"2012-11-19",105.910004,106.910004,105.800003,106.910004,3025800,49.457829
"2012-11-16",103.879997,105.25,103.790001,105.150002,4087400,48.643631
"2012-11-15",103.339996,104.150002,103.25,103.769997,2772600,48.005224
"2012-11-14",104.489998,104.959999,103.160004,103.529999,3215200,47.894199
"2012-11-13",103.940002,105.389999,103.800003,104.279999,3007800,48.241157
"2012-11-12",103.989998,104.870003,103.510002,104.309998,1892000,48.255035
"2012-11-09",103.82,104.690002,103.669998,103.870003,2813600,48.051488
"2012-11-08",104.860001,105.18,104,104.07,2874800,48.144009
"2012-11-07",105.599998,105.599998,104.330002,104.970001,2817800,48.560361
"2012-11-06",105.489998,106.010002,105.07,105.639999,2978400,48.87031
"2012-11-05",104.540001,105.75,104.540001,105.230003,1935800,48.680641
"2012-11-01",104.68,106.139999,104.239998,105.870003,3944800,48.976712
"2012-10-31",103.959999,105.220001,103.559998,104.959999,4664400,48.555734
"2012-10-26",104.699997,104.989998,103.699997,103.870003,4940400,48.051488
"2012-10-25",107,107,103.050003,104.599998,6010000,48.389193
"2012-10-24",107.019997,107.510002,106.169998,106.559998,2859200,49.295912
"2012-10-23",107.129997,107.25,106.059998,106.529999,2678400,49.282034
"2012-10-22",107.519997,108.099998,107.07,107.690002,2180200,49.818665
"2012-10-19",109.760002,109.800003,107.440002,107.739998,4758400,49.841794
"2012-10-18",110.550003,110.889999,109.779999,110.620003,2506200,50.887299
"2012-10-17",108.57,110.970001,108.57,110.57,4812000,50.864297
"2012-10-16",108.75,108.830002,108.099998,108.589996,2413600,49.953457
"2012-10-15",108.019997,108.540001,107.580002,108.459999,2830400,49.893656
"2012-10-12",108.410004,108.730003,107.32,107.889999,2574800,49.631446
"2012-10-11",108.43,108.620003,107.860001,108.029999,2968400,49.695848
"2012-10-10",107.459999,108.050003,107.129997,107.690002,3013000,49.539443
"2012-10-09",108.379997,108.779999,107.300003,107.43,2794400,49.419837
"2012-10-08",108.360001,108.82,107.949997,108.489998,1822200,49.907456
"2012-10-05",108.589996,108.68,107.879997,108.449997,3713200,49.889055
"2012-10-04",108.5,109.080002,108.110001,108.459999,2598400,49.893656
"2012-10-03",108.040001,108.440002,107.57,108.029999,2630600,49.695848
"2012-10-02",108.269997,108.57,107.5,107.919998,2655400,49.645246
"2012-10-01",106.839996,108.739998,106.529999,107.989998,3412400,49.677447
"2012-09-28",107.43,107.470001,106.489998,107.220001,3019800,49.323234
"2012-09-27",107.050003,107.599998,106.339996,107.349998,2638600,49.383035
"2012-09-26",106.779999,107.769997,106.650002,106.75,3162000,49.107024
"2012-09-25",107.309998,107.809998,106.629997,106.650002,3584000,49.061023
"2012-09-24",106.269997,107.239998,106.150002,106.940002,2546000,49.194429
"2012-09-21",107,107.150002,106.099998,106.529999,11937600,49.00582
"2012-09-20",105.730003,107.230003,105.730003,106.790001,3586000,49.125425
"2012-09-19",106.010002,106.379997,105.540001,105.889999,3657200,48.711408
"2012-09-18",104.669998,106.230003,104,106.010002,4507800,48.766611
"2012-09-17",102.690002,105.470001,102.690002,105.150002,5985600,48.370995
"2012-09-14",104.43,104.75,103.5,103.75,5587600,47.726967
"2012-09-13",103.029999,104.699997,102.690002,104.540001,5306800,48.090383
"2012-09-12",102.860001,103.529999,102.5,102.620003,4108000,47.207147
"2012-09-11",103.300003,103.68,102.559998,102.82,5936400,47.29915
"2012-09-10",105.82,105.900002,103.220001,103.699997,9646000,47.703965
"2012-09-07",107.660004,108,105.949997,106.300003,3502200,48.900017
"2012-09-06",107.089996,107.639999,106.879997,107.489998,3355800,49.447437
"2012-09-05",106.519997,107.360001,106.440002,106.5,4020600,48.99202
"2012-09-04",106.160004,107.400002,105.919998,107.220001,4388400,49.323234
"2012-08-30",105.970001,106.120003,105.800003,105.809998,1894600,48.674605
"2012-08-29",106.75,106.900002,106.360001,106.43,2672200,48.959818
"2012-08-28",105.419998,106.660004,105.419998,106.349998,3483600,48.923016
"2012-08-27",105.519997,106,105.269997,105.800003,2283400,48.670008
"2012-08-24",104.910004,105.910004,104.5,105.769997,2335800,48.656204
"2012-08-23",105.32,105.489998,104.660004,104.709999,1942800,48.168585
"2012-08-22",105.32,105.730003,105,105.370003,1870600,48.472199
"2012-08-21",105.879997,106.410004,105.389999,105.699997,2243800,48.624003
"2012-08-20",106.18,106.360001,105.269997,105.949997,2601600,48.739008
"2012-08-17",106.099998,106.400002,105.870003,106.18,2992000,48.844814
"2012-08-16",105.379997,105.93,105.129997,105.830002,2100200,48.683808
"2012-08-15",105.07,106.510002,105,105.5,3286200,48.532001
"2012-08-14",105.459999,105.809998,105.050003,105.419998,2428000,48.495198
"2012-08-13",105,105.660004,104.779999,105.550003,2173000,48.555003
"2012-08-10",104.760002,105.459999,104.720001,105.370003,2454400,48.472199
"2012-08-09",105.059998,105.410004,104.769997,104.949997,3117600,48.278989
"2012-08-08",104.849998,105.410004,104.68,105.269997,3280000,48.426195
"2012-08-07",106.599998,107.050003,104.809998,104.879997,4507600,48.246788
"2012-08-06",106.370003,106.949997,105.949997,106.349998,2405800,48.923016
"2012-08-03",106.540001,107.489998,106.160004,106.459999,3599400,48.973618
"2012-08-02",105.870003,106.379997,104.779999,105.370003,4284200,48.472199
"2012-08-01",107.809998,109.839996,106.269997,106.599998,3948600,49.038021
"2012-07-31",107.25,107.720001,106.860001,107.360001,3465000,49.387636
"2012-07-30",107.269997,108.5,107.160004,107.470001,3473400,49.438238
"2012-07-27",104.809998,107.68,104.690002,107.169998,6594800,49.300231
"2012-07-26",104.769997,106.830002,104.18,106.379997,5617400,48.936816
"2012-07-25",102.360001,102.790001,101.589996,102.25,3331200,47.036939
"2012-07-24",102.790001,102.849998,101.519997,102.099998,3574400,46.967935
"2012-07-23",103.220001,103.809998,102.599998,102.790001,2995000,47.28535
"2012-07-20",104.889999,105.330002,103.669998,103.900002,5090400,47.795971
"2012-07-19",105.279999,105.860001,104.540001,105.620003,3061000,48.301992
"2012-07-18",104.989998,106.059998,104.769997,105.279999,2789200,48.146502
"2012-07-17",104.769997,105.449997,104.620003,105.160004,2958400,48.091626
"2012-07-16",105.080002,105.459999,104.349998,104.370003,3687600,47.730344
"2012-07-13",103.709999,105.760002,103.709999,105.459999,2849200,48.22882
"2012-07-12",103.68,104.07,102.970001,103.610001,3586000,47.382781
"2012-07-11",104.160004,104.160004,103.370003,103.830002,3325400,47.483391
"2012-07-10",104.480003,104.510002,103.699997,103.900002,2585400,47.515404
"2012-07-09",104.57,104.610001,103.779999,104.260002,2553800,47.680039
"2012-07-06",104.099998,104.629997,103.919998,104.290001,1952000,47.693758
"2012-07-05",104.419998,105,103.919998,104.650002,2461200,47.858393
"2012-07-03",103.699997,105.160004,103.519997,104.610001,2071600,47.840099
"2012-07-02",103.410004,103.830002,103,103.720001,3448000,47.433086
"2012-06-29",102.739998,104.330002,101.970001,104.099998,5399200,47.606866
"2012-06-28",101.120003,102,100.93,101.989998,2936000,46.641923
"2012-06-27",100.279999,101.599998,100.269997,101.5,2985600,46.417838
"2012-06-26",99.660004,100.550003,99.480003,100.099998,3040600,45.777592
"2012-06-25",99.169998,99.550003,99,99.32,3051800,45.420884
"2012-06-22",99.919998,100.5,99.800003,99.900002,6369000,45.686129
"2012-06-21",100.900002,100.900002,99.440002,99.449997,3446000,45.480334
"2012-06-20",100.169998,100.730003,99.620003,100.730003,5206000,46.065705
"2012-06-19",101.639999,101.970001,101.010002,101.300003,3321800,46.326376
"2012-06-18",101.400002,101.75,100.889999,101.669998,3005600,46.495582
"2012-06-15",101.599998,101.93,101.309998,101.529999,4105600,46.431557
"2012-06-14",100.470001,101.449997,100.269997,101.32,3255200,46.335521
"2012-06-13",99.599998,100.550003,99.330002,100.209999,3333000,45.827897
"2012-06-12",99.989998,100.190002,99.290001,100.050003,3719600,45.754728
"2012-06-11",100.550003,100.68,99.870003,99.989998,3559800,45.727286
"2012-06-08",98.800003,100.300003,98.75,100.169998,3109600,45.809604
"2012-06-07",98.739998,99.410004,98.610001,98.75,3901600,45.160212
"2012-06-06",97.470001,98.330002,97.089996,98.330002,4058000,44.968139
"2012-06-05",97.050003,97.489998,96.370003,97.25,3095200,44.474234
"2012-06-04",96.489998,97.300003,96.209999,97.169998,3371400,44.437648
"2012-06-01",97.709999,98.059998,96.419998,96.480003,4616800,44.1221
"2012-05-31",99.010002,99.010002,98.040001,98.300003,4892400,44.95442
"2012-05-30",98.989998,99.470001,98.470001,98.830002,5429800,45.196798
"2012-05-29",99.160004,99.5,98.75,99.360001,2796200,45.439177
"2012-05-25",99.330002,99.639999,98.669998,98.800003,2481600,45.183079
"2012-05-24",98.440002,99.639999,98.440002,99.129997,3501000,45.333992
"2012-05-23",98.82,99.080002,97.709999,98.389999,4600000,44.995577
"2012-05-22",99.129997,100.110001,98.959999,99.190002,4480600,45.361433
"2012-05-21",99,99.029999,98,98.959999,4970000,45.256249
"2012-05-18",100.120003,100.230003,98.519997,98.790001,6050600,45.178505
"2012-05-17",101.209999,101.379997,99.809998,99.809998,4256200,45.644969
"2012-05-16",101.150002,101.940002,101.010002,101.32,4099400,46.335521
"2012-05-15",99.68,101.82,99.660004,101.040001,13296200,46.207472
"2012-05-14",98.760002,99.349998,98.760002,99.010002,3184600,45.279116
"2012-05-11",99.5,99.809998,99.300003,99.309998,4174600,45.416309
"2012-05-10",99.529999,99.989998,99.129997,99.650002,4669400,45.5718
"2012-05-09",98.580002,99.669998,98.580002,99.080002,3820200,45.311128
"2012-05-08",99.300003,99.459999,98.830002,99.18,3518000,45.356859
"2012-05-07",99.239998,99.790001,99,99.599998,3400600,45.548932
"2012-05-04",100.160004,100.160004,99.099998,99.129997,3420400,45.333992
"2012-05-03",100.139999,100.809998,99.75,99.989998,4760600,45.727286
"2012-05-02",99.190002,100.349998,99.089996,100.349998,3708000,45.891921
"2012-05-01",98.970001,99.589996,98.540001,99.099998,3598200,45.320273
"2012-04-30",98.150002,98.940002,98.050003,98.940002,4164400,45.247104
"2012-04-27",98.760002,98.900002,98.059998,98.379997,5788200,44.991003
"2012-04-26",99.559998,99.839996,98.519997,99.470001,3556400,45.489482
"2012-04-25",98.650002,99.739998,98.419998,99.580002,4974200,45.539787
"2012-04-24",98,98.529999,97.720001,98.43,2960400,45.01387
"2012-04-23",98.169998,98.18,97.239998,97.720001,3243200,44.689175
"2012-04-20",97.82,99,97.800003,98.879997,4065200,45.219662
"2012-04-19",98.690002,98.769997,97.75,98.18,3531200,44.616003
"2012-04-18",98.220001,98.769997,97.910004,98.5,2653000,44.761421
"2012-04-17",98.050003,98.720001,97.459999,98.589996,3506200,44.802318
"2012-04-16",97.529999,98.199997,97.370003,97.669998,13182200,44.384243
"2012-04-13",97.459999,97.940002,96.739998,97.209999,12762000,44.175205
"2012-04-12",96.43,97.629997,96.379997,97.440002,14848400,44.279726
"2012-04-11",96.970001,97.410004,96.540001,96.540001,7085000,43.870737
"2012-04-10",96.769997,96.809998,95.870003,96.169998,4731600,43.702597
"2012-04-09",97.660004,97.660004,96.870003,97.040001,3772800,44.097953
"2012-04-05",97.800003,98.279999,97.279999,98.160004,4318800,44.606916
"2012-04-04",97.580002,98.25,97.57,97.849998,3540400,44.46604
"2012-04-03",98.489998,98.760002,97.989998,98.230003,4879600,44.638726
"2012-04-02",97.68,98.449997,97.660004,98.440002,5235400,44.734156
"2012-03-30",97,97.93,96.93,97.779999,6021800,44.43423
"2012-03-29",95.650002,96.870003,95.529999,96.690002,4815000,43.938903
"2012-03-28",96.449997,96.540001,95.849998,96.050003,4100000,43.648067
"2012-03-27",97,97.290001,96.639999,96.709999,2962800,43.94799
"2012-03-26",96.230003,96.839996,96.089996,96.809998,3088800,43.993432
"2012-03-23",96.199997,96.330002,95.629997,95.940002,2988400,43.59808
"2012-03-22",95.82,96.379997,95.739998,96.279999,2968400,43.752584
"2012-03-21",95.510002,96.400002,95.510002,96.169998,3887800,43.702597
"2012-03-20",94.879997,96.07,94.879997,95.650002,2969200,43.466294
"2012-03-19",95.379997,95.559998,94.800003,95.370003,3946600,43.339054
"2012-03-16",95.480003,95.660004,94.559998,94.790001,6149200,43.075484
"2012-03-15",94.839996,95.669998,94.839996,95.419998,3156000,43.361774
"2012-03-14",95.150002,95.739998,95.07,95.150002,3552000,43.239079
"2012-03-13",94.800003,95.25,94.449997,95.230003,4342200,43.275434
"2012-03-12",94.330002,94.620003,93.989998,94.480003,2965800,42.934611
"2012-03-09",93.779999,94.099998,93.290001,93.980003,3145400,42.707396
"2012-03-08",93.400002,93.970001,93.279999,93.940002,2766400,42.689218
"2012-03-07",93.269997,93.550003,92.5,92.830002,4056000,42.1848
"2012-03-06",93.43,93.809998,92.849998,93.339996,5260200,42.416557
"2012-03-05",93,93.529999,92.949997,93.349998,2335000,42.421102
"2012-03-02",92.809998,93.279999,92.730003,93.199997,2521600,42.352937
"2012-03-01",93,93.5,92.610001,92.849998,4123600,42.193887
"2012-02-29",92.980003,93.489998,92.620003,93.18,4390000,42.34385
"2012-02-28",92.669998,93.040001,92.279999,92.970001,3728200,42.24842
"2012-02-27",92.989998,93.209999,92.209999,92.389999,4871200,41.984849
"2012-02-24",93.730003,93.730003,92.669998,93.300003,3677400,42.398383
"2012-02-23",92.849998,93.900002,92.650002,93.330002,4214200,42.412015
"2012-02-22",93.080002,93.480003,92.410004,93.139999,2930400,42.325672
"2012-02-21",93.57,93.809998,92.940002,93.370003,3421600,42.430193
"2012-02-17",93.599998,93.849998,92.879997,93.25,3483800,42.37566
"2012-02-16",92.379997,93.419998,92.379997,93.32,3708600,42.40747
"2012-02-15",91.919998,92.589996,91.760002,92.160004,3347400,41.880332
"2012-02-14",91.489998,91.910004,91.25,91.900002,2877400,41.762179
"2012-02-13",91.5,91.989998,91.25,91.639999,2681600,41.644026
"2012-02-10",91.309998,91.580002,90.910004,91.169998,3855200,41.430443
"2012-02-09",91.440002,91.800003,91.059998,91.760002,3353800,41.698559
"2012-02-08",91.839996,91.839996,90.910004,91.470001,3217400,41.566774
"2012-02-07",91.029999,91.779999,91.010002,91.540001,2961200,41.598584
"2012-02-06",91.269997,91.769997,90.949997,91.239998,3161200,41.462253
"2012-02-03",91.540001,92.099998,91.32,91.540001,4805000,41.598584
"2012-02-01",91.089996,91.75,90.769997,91.129997,4334400,41.412266
"2012-01-31",89.779999,90.93,89.769997,90.720001,5923200,41.225951
"2012-01-30",90.580002,90.690002,89.220001,89.510002,5652400,40.67609
"2012-01-27",90.779999,90.900002,90.040001,90.400002,5654600,41.080533
"2012-01-26",89.860001,92.139999,89.739998,91.349998,9754800,41.512241
"2012-01-25",87.919998,89.589996,87.919998,89.440002,4835000,40.64428
"2012-01-24",87.730003,88.400002,87.220001,88.25,5123200,40.103507
"2012-01-23",88.580002,88.949997,88.160004,88.370003,4333600,40.15804
"2012-01-20",89.610001,89.660004,88.309998,89,6467200,40.44433
"2012-01-19",89.980003,90.480003,89.589996,89.970001,5160600,40.621557
"2012-01-18",89.75,90.5,89.540001,90.309998,3905400,40.775066
"2012-01-17",89.029999,89.879997,89.029999,89.730003,14860200,40.513198
"2012-01-13",88.269997,88.650002,87.849998,88.519997,14450200,39.966879
"2012-01-12",88.75,89.050003,88.230003,88.550003,15039200,39.980427
"2012-01-11",89.370003,89.389999,88.150002,88.510002,5438000,39.962366
"2012-01-09",90.139999,90.25,89.480003,89.779999,4152400,40.535771
"2012-01-06",90.410004,90.449997,89.389999,89.800003,3881000,40.544803
"2012-01-05",90.160004,90.449997,89.510002,90.139999,5232800,40.698312
"2012-01-04",91,91.080002,90.129997,90.599998,4350200,40.906002
"2012-01-03",91.389999,92.120003,90.599998,91.080002,6347600,41.122724
"2011-12-30",92.800003,93.089996,92.099998,92.389999,2985400,41.714189
"2011-12-29",92.75,93.309998,92.419998,93.220001,3420400,42.088936
"2011-12-28",93.449997,93.620003,92.610001,92.730003,2821000,41.867701
"2011-12-27",93.089996,93.849998,93.019997,93.339996,2254200,42.143114
"2011-12-23",92.360001,93.150002,92.360001,93.089996,2386400,42.030239
"2011-12-22",92.889999,92.889999,91.900002,92.410004,3233200,41.723221
"2011-12-21",91.75,93,91.580002,92.970001,5460400,41.976061
"2011-12-20",90.480003,91.599998,90.330002,91.550003,3367000,41.33493
"2011-12-19",90.459999,91.239998,89.730003,89.910004,3302800,40.594468
"2011-12-16",91,91.040001,89.279999,89.889999,6571400,40.585436
"2011-12-15",89.779999,90.800003,89.589996,90.580002,3940800,40.896973
"2011-12-14",89.809998,90.440002,89.129997,89.300003,3762200,40.319052
"2011-12-13",90.190002,90.589996,89.510002,89.690002,4277800,40.495138
"2011-12-12",90.440002,90.839996,89.389999,90.209999,3299600,40.729917
"2011-12-09",90.480003,91.019997,90.269997,90.459999,2969400,40.842792
"2011-12-08",90.860001,91.260002,90.279999,90.550003,3609000,40.883429
"2011-12-07",90.580002,91.57,89.900002,91.199997,3932000,41.176902
"2011-12-06",90.669998,90.849998,90.059998,90.540001,3442200,40.878913
"2011-12-05",90.849998,90.980003,90.099998,90.419998,3482600,40.824731
"2011-12-02",90.889999,91.25,90.089996,90.190002,3954600,40.720888
"2011-12-01",91.209999,91.980003,89.989998,90.110001,5925600,40.684767
"2011-11-30",90.629997,91.639999,90.519997,91.5,6007400,41.312353
"2011-11-29",88.669998,89.889999,88.470001,89.699997,4760600,40.49965
"2011-11-28",88.099998,88.599998,87.800003,88.279999,3898600,39.858519
"2011-11-25",86.589996,87.410004,86.43,86.730003,1153200,39.158695
"2011-11-23",87.459999,87.860001,86.190002,86.480003,4408600,39.045819
"2011-11-22",87.769997,89.089996,87.589996,88.199997,4613200,39.822398
"2011-11-21",87.519997,88.230003,86.989998,87.440002,4075200,39.47926
"2011-11-17",88.269997,88.720001,87.459999,88.040001,4001200,39.75016
"2011-11-16",88.330002,89.769997,88,88.639999,4620800,40.02106
"2011-11-15",88.760002,89.110001,88.370003,88.790001,4131400,40.088786
"2011-11-14",88.669998,89.099998,88.129997,88.650002,2543800,40.025576
"2011-11-11",88.529999,89.400002,88.529999,89.169998,2960800,40.260355
"2011-11-10",88.019997,88.379997,87.190002,88.139999,3877600,39.795309
"2011-11-09",88.099998,88.489998,87.150002,87.449997,5402800,39.483773
"2011-11-08",88.919998,89.599998,88.5,89.440002,5662200,40.382262
"2011-11-07",88.459999,89.220001,87.019997,88.449997,4856800,39.935274
"2011-11-04",88.019997,88.220001,87.150002,88.059998,5767400,39.759188
"2011-11-03",88.220001,88.779999,87.620003,88.519997,6782200,39.966879
"2011-11-02",89,89.099998,87.650002,87.940002,4431200,39.705011
"2011-11-01",88.93,89.870003,88,88.089996,7302600,39.772733
"2011-10-31",90.779999,91.589996,90.349998,90.370003,5125200,40.802158
"2011-10-28",90.410004,91.739998,89.860001,91.220001,4726800,41.185934
"2011-10-27",91.540001,91.790001,86.419998,91.330002,10546400,41.235599
"2011-10-26",90.800003,91.269997,88.739998,90.540001,7540800,40.878913
"2011-10-25",91.25,91.300003,89.75,89.980003,6079600,40.626073
"2011-10-24",93.629997,93.629997,90.919998,91.239998,7195200,41.194962
"2011-10-21",91.849998,93.919998,91.709999,93.919998,6095600,42.404985
"2011-10-20",92.18,92.989998,91.419998,91.620003,3796400,41.104665
"2011-10-19",92.059998,92.879997,91.949997,92.18,3479600,41.355904
"2011-10-18",90.599998,92.82,90.370003,92.339996,4034200,41.427685
"2011-10-17",91.900002,92.580002,90.830002,90.940002,3115600,40.799587
"2011-10-14",91.860001,92.459999,91.629997,92.339996,2951400,41.427685
"2011-10-13",91.199997,91.68,90.660004,91.110001,3413400,40.875856
"2011-10-12",90.489998,92.080002,90.489998,91.220001,3683000,40.925207
"2011-10-11",91.589996,91.610001,90.150002,90.349998,4008000,40.534886
"2011-10-10",91.209999,91.910004,90.5,91.739998,3497000,41.1585
"2011-10-07",90.639999,91.25,90.059998,90.410004,3892200,40.561807
"2011-10-06",89.690002,90.209999,89.040001,90.190002,5129000,40.463105
"2011-10-05",88.389999,89.629997,87.57,89.5,6267800,40.15354
"2011-10-04",87.440002,88.57,86.389999,88.419998,6600000,39.669005
"2011-10-03",88.360001,89.839996,88.230003,88.300003,5884400,39.61517
"2011-09-30",89.029999,89.989998,88.629997,88.68,5520800,39.785653
"2011-09-29",89.599998,90.290001,88.199997,89.540001,5136800,40.171487
"2011-09-28",90.239998,91,88.629997,88.730003,7382200,39.808087
"2011-09-27",92.059998,92.860001,90.760002,91.07,5937400,40.85791
"2011-09-26",89.589996,91.32,89.550003,90.889999,6402400,40.777154
"2011-09-23",87.370003,89.25,87,88.919998,6220600,39.893327
"2011-09-22",88.830002,89.239998,85.730003,87.410004,12041200,39.215878
"2011-09-21",93.889999,93.940002,89.980003,89.989998,8199000,40.373374
"2011-09-20",93.43,94.889999,93.349998,93.959999,4885400,42.154487
"2011-09-19",92.529999,93.550003,92.290001,93.32,5026000,41.867356
"2011-09-16",91.769997,93.730003,91.769997,93.639999,8423800,42.010922
"2011-09-15",91.989998,92.32,90.93,92.290001,5005400,41.405255
"2011-09-14",89.510002,92.220001,89.459999,91.389999,8185000,41.001475
"2011-09-13",87.949997,89.779999,87.099998,89.459999,5570200,40.135594
"2011-09-12",88.510002,88.699997,86.25,87.720001,7486400,39.354957
"2011-09-09",89.980003,90.139999,88.629997,88.959999,5230600,39.911273
"2011-09-08",91.209999,92,90.400002,90.459999,7282000,40.584237
"2011-09-06",86.919998,89.150002,86.919998,88.989998,6368800,39.924732
"2011-09-02",89.349998,89.650002,88.489998,88.519997,4411400,39.713869
"2011-09-01",90,90.809998,89.610001,89.900002,4504600,40.332998
"2011-08-31",90.650002,90.989998,89.639999,89.970001,6008400,40.364403
"2011-08-30",89.779999,90.900002,89,90.639999,4772000,40.664993
"2011-08-29",88.419998,89.800003,88.279999,89.769997,4597800,40.274672
"2011-08-26",86.620003,88.019997,85.040001,87.839996,4417400,39.408792
"2011-08-25",87.709999,88.099998,86.559998,86.849998,5548800,38.964636
"2011-08-24",86.910004,87.480003,86.339996,87.300003,6631600,39.166527
"2011-08-23",85.220001,87.010002,85.150002,87.010002,4991400,39.036421
"2011-08-22",86.059998,86.190002,84.809998,85.199997,4744600,38.224375
"2011-08-19",84.300003,85.860001,84.059998,84.989998,8272200,38.13016
"2011-08-18",84.980003,85.879997,83.529999,85.040001,7562200,38.152593
"2011-08-17",86.5,87.080002,85.489998,86.309998,3630000,38.722368
"2011-08-16",85.650002,86.860001,85.440002,86.220001,4065200,38.681992
"2011-08-15",85.889999,86.260002,85.089996,86.260002,5299200,38.699938
"2011-08-12",84.540001,85.860001,84.32,85.339996,5925000,38.287184
"2011-08-11",80.949997,85.139999,80.559998,84.169998,11204600,37.762273
"2011-08-10",82.190002,82.989998,79.980003,80.18,10443600,35.972189
"2011-08-09",83.43,83.480003,78.620003,83.300003,14092800,37.371956
"2011-08-08",82.779999,84.82,82.510002,82.800003,12356800,37.147634
"2011-08-05",83.309998,84.830002,81.870003,84.150002,9120800,37.753302
"2011-08-04",83.5,84.879997,82.43,82.580002,9213200,37.048932
"2011-08-03",84.459999,84.580002,83.639999,84.32,6139000,37.82957
"2011-08-02",83.830002,85.300003,83.769997,84.779999,7853600,38.035945
"2011-08-01",84.970001,85.050003,82.970001,84.019997,4906200,37.694976
"2011-07-29",84.68,85.300003,84.339996,84.379997,4304800,37.856487
"2011-07-28",85.080002,86.330002,84.639999,84.879997,5712800,38.080809
"2011-07-27",86.389999,86.82,85.419998,85.489998,5197000,38.354481
"2011-07-26",86.779999,87.5,86.690002,86.889999,2804200,38.982582
"2011-07-25",86.949997,87.32,86.709999,86.779999,3677600,38.933231
"2011-07-22",88.279999,88.419998,87.449997,87.620003,3446000,39.310093
"2011-07-21",89.010002,89.43,88.57,89,3847000,39.669007
"2011-07-20",88.470001,88.910004,88.260002,88.559998,2769600,39.47289
"2011-07-19",88.230003,88.800003,87.879997,88.519997,3779800,39.455061
"2011-07-18",88.449997,88.889999,87.620003,87.989998,4148000,39.21883
"2011-07-15",87.010002,89.099998,86.669998,89.010002,8058600,39.673465
"2011-07-14",87.879997,88.029999,86.900002,87.080002,5098200,38.813227
"2011-07-13",88.349998,88.75,87.739998,87.900002,2664200,39.178717
"2011-07-12",88.489998,88.879997,87.849998,87.949997,4624800,39.201001
"2011-07-11",87.870003,88.669998,87.739998,88.300003,4276000,39.357005
"2011-07-08",88.339996,88.75,87.830002,88.419998,3548800,39.410489
"2011-07-07",88.860001,89.029999,88.550003,88.779999,3319000,39.570948
"2011-07-06",87.690002,88.419998,87.660004,88.419998,4055400,39.410489
"2011-07-05",88.580002,88.68,87.639999,87.980003,4290600,39.214375
"2011-07-01",87.32,88.610001,87.150002,88.470001,4042400,39.432777
"2011-06-30",86.690002,87.529999,86.400002,87.410004,3861600,38.960315
"2011-06-29",86.059998,86.910004,85.989998,86.739998,4652800,38.661681
"2011-06-28",85.790001,85.959999,85.540001,85.82,3188600,38.25162
"2011-06-27",85.629997,85.830002,85.410004,85.410004,4582600,38.068877
"2011-06-24",86.089996,86.519997,85.230003,85.459999,6827800,38.091161
"2011-06-23",86.959999,86.959999,85.379997,86.209999,8119000,38.42545
"2011-06-22",88.739998,89.129997,87.489998,87.529999,5510600,39.013799
"2011-06-21",89.360001,89.360001,88.269997,88.919998,6509800,39.633349
"2011-06-20",87.93,89.279999,87.800003,89.110001,7005000,39.718037
"2011-06-17",86.900002,88.019997,86.650002,87.879997,8481600,39.169801
"2011-06-16",86.059998,86.730003,85.790001,86.57,5717000,38.585909
"2011-06-15",86.169998,86.739998,85.449997,85.760002,5845800,38.224878
"2011-06-14",85.529999,86.860001,85.349998,86.599998,6611400,38.599281
"2011-06-13",84.760002,85.550003,84.300003,85.339996,6105200,38.037673
"2011-06-10",84.099998,85.029999,83.910004,84.699997,6594200,37.752413
"2011-06-09",84.440002,85.379997,84.349998,85.099998,4473600,37.930702
"2011-06-08",83.959999,84.419998,83.610001,84.209999,4298400,37.534012
"2011-06-07",84.370003,84.660004,83.889999,83.889999,4422600,37.391382
"2011-06-06",84.110001,84.790001,83.849998,84.43,4025800,37.632071
"2011-06-03",84.639999,85,83.919998,84.110001,5099200,37.489441
"2011-06-02",86.849998,86.849998,85.18,85.480003,5045600,38.100077
"2011-06-01",87.050003,87.309998,86.769997,86.910004,5999800,38.737456
"2011-05-31",86.18,87.580002,86,87.529999,6172200,39.013799
"2011-05-27",85.57,85.879997,85.300003,85.720001,2344600,38.207049
"2011-05-26",84.860001,85.580002,84.580002,85.32,3827600,38.028761
"2011-05-25",85.050003,85.230003,84.459999,85.080002,4389200,37.921789
"2011-05-24",86,86.059998,85.349998,85.599998,3033200,38.153561
"2011-05-23",86.190002,86.57,85.669998,86.07,4220800,38.36305
"2011-05-20",86.779999,86.989998,86.449997,86.550003,3543400,38.576997
"2011-05-19",86.349998,86.949997,86.150002,86.900002,3589800,38.732998
"2011-05-18",86.300003,86.43,85.540001,86.209999,4759000,38.42545
"2011-05-17",85.699997,86.519997,85.699997,86.269997,4063400,38.452192
"2011-05-16",86.580002,86.82,85.910004,85.949997,4838400,38.309562
"2011-05-13",86.879997,87.139999,86.300003,86.550003,5354600,38.576997
"2011-05-12",85.019997,87.459999,84.809998,87.209999,7400000,38.871169
"2011-05-11",85.089996,85.589996,84.830002,85.07,4254400,37.917331
"2011-05-10",85.029999,85.629997,85.029999,85.459999,3917200,38.091161
"2011-05-09",84.910004,85.169998,84.489998,84.980003,3274600,37.877218
"2011-05-06",85.330002,85.449997,84.599998,84.879997,4097200,37.832643
"2011-05-05",85.419998,85.610001,84.760002,84.900002,5351800,37.841559
"2011-05-04",84.559998,85.860001,84.379997,85.650002,9848200,38.175849
"2011-05-03",84.199997,84.809998,84.110001,84.699997,5027600,37.752413
"2011-05-02",84.410004,84.739998,84,84.550003,5176200,37.685558
"2011-04-29",83.669998,85,83.669998,84.349998,9857400,37.596412
"2011-04-28",80.769997,83.25,80,82.970001,9176000,36.981321
"2011-04-27",80.959999,81.330002,80.589996,81.059998,4868400,36.129996
"2011-04-26",80.059998,80.830002,80,80.550003,6781600,35.902682
"2011-04-25",80.309998,80.489998,79.800003,79.900002,4346800,35.612963
"2011-04-21",80.830002,81.190002,80.410004,80.650002,4190200,35.947253
"2011-04-20",82.129997,82.129997,81.099998,81.269997,5601800,35.965078
"2011-04-19",81.309998,81.57,80.949997,81.419998,5560200,36.03146
"2011-04-18",81.400002,81.690002,81.089996,81.349998,4185000,36.000482
"2011-04-15",81.800003,81.970001,81.550003,81.809998,6609200,36.204049
"2011-04-14",81.440002,82.150002,81.260002,81.839996,6710000,36.217325
"2011-04-13",82.580002,82.669998,81.589996,81.610001,5330800,36.115543
"2011-04-12",81.620003,83.720001,81.419998,82.540001,9322800,36.527104
"2011-04-11",81.099998,81.720001,81.099998,81.610001,4217200,36.115543
"2011-04-08",81.589996,81.839996,80.959999,81.279999,3974000,35.969505
"2011-04-07",81.639999,81.690002,81,81.559998,4862400,36.093415
"2011-04-06",81,81.660004,80.839996,81.529999,5786800,36.080139
"2011-04-05",80.830002,81.110001,80.260002,80.839996,3474000,35.774787
"2011-04-04",80.610001,81.129997,80.540001,81.019997,2608800,35.854444
"2011-04-01",81,81.339996,80.32,80.519997,4520800,35.633175
"2011-03-31",81.059998,81.360001,80.620003,80.760002,4148600,35.739386
"2011-03-30",80.459999,81.239998,80.209999,81.209999,4420000,35.938527
"2011-03-29",80.269997,80.75,80.25,80.419998,4509800,35.588921
"2011-03-28",80.139999,80.949997,80.139999,80.489998,6445600,35.619899
"2011-03-25",79.449997,80.5,79.349998,80.150002,4327000,35.469438
"2011-03-24",78.690002,80.339996,78.389999,80.300003,7165400,35.535819
"2011-03-23",78.419998,78.790001,77.879997,78.290001,5456200,34.646316
"2011-03-22",78.389999,79.150002,78.169998,78.43,4960600,34.708271
"2011-03-21",77.330002,78.510002,77.279999,78.410004,6728800,34.699422
"2011-03-18",77.25,77.349998,76.389999,76.949997,8786400,34.053313
"2011-03-17",77.349998,77.559998,76.529999,76.699997,6285000,33.942679
"2011-03-16",77.07,77.089996,76.599998,76.660004,7681000,33.92498
"2011-03-15",77.290001,77.720001,76.940002,77.269997,6373600,34.194925
"2011-03-14",78.709999,78.879997,77.93,78.269997,5188400,34.637464
"2011-03-11",78.589996,79.410004,78.400002,79.18,3771200,35.040175
"2011-03-10",78.690002,79.300003,78.419998,78.980003,5688800,34.951669
"2011-03-09",77.910004,79.010002,77.910004,79,3783600,34.960518
"2011-03-08",77.879997,78.360001,77.550003,78.190002,5980200,34.602063
"2011-03-07",77.510002,77.720001,77.099998,77.540001,5569400,34.314413
"2011-03-04",78.050003,78.190002,77.25,77.5,6091800,34.296711
"2011-03-03",77.790001,78.360001,77.5,78.07,5616600,34.548957
"2011-03-01",78.300003,78.919998,77.629997,77.639999,5588600,34.358666
"2011-02-28",78.25,78.620003,78,78.519997,3830600,34.748098
"2011-02-25",77.980003,78.379997,77.529999,78.120003,2969000,34.571086
"2011-02-24",78.269997,78.519997,77.25,77.660004,5621800,34.367518
"2011-02-23",78.650002,79.110001,78.139999,78.370003,4921400,34.68172
"2011-02-22",78.110001,78.910004,77.82,78.599998,5638000,34.783502
"2011-02-18",78.589996,78.800003,78.290001,78.419998,5642400,34.703845
"2011-02-17",78.239998,78.400002,77.980003,78.400002,4111000,34.694996
"2011-02-16",78.150002,78.620003,77.959999,78.540001,4828400,34.756951
"2011-02-15",78.970001,79,78.07,78.239998,5812800,34.624188
"2011-02-14",78.839996,79.68,78.410004,79.010002,9117400,34.964944
"2011-02-11",77.559998,79.07,77.220001,78.919998,7893000,34.925114
"2011-02-10",78.260002,78.5,77.330002,77.730003,9367200,34.398496
"2011-02-09",78.339996,78.709999,77.800003,78.32,5434200,34.659592
"2011-02-08",77.260002,79.059998,77.199997,78.559998,11213600,34.7658
"2011-02-07",76.43,76.449997,75.800003,76.279999,9052800,33.756813
"2011-02-04",75.93,76.309998,75.75,76.239998,6769800,33.739112
"2011-02-03",76.050003,76.389999,75.779999,75.93,7590800,33.601926
"2011-02-02",76.230003,76.230003,74.860001,76.050003,15127600,33.655032
"2011-02-01",77.010002,77.190002,76.610001,76.709999,12784400,33.947105
"2011-01-31",76.760002,76.93,76.400002,76.769997,6763600,33.973656
"2011-01-28",77.269997,77.690002,76.830002,76.989998,6718800,34.071015
"2011-01-27",77.480003,78.519997,77.32,77.389999,15442400,34.248031
"2011-01-26",79.989998,80.449997,79.870003,80,4402600,35.403056
"2011-01-25",79.879997,80.360001,79.449997,80.120003,5345200,35.456162
"2011-01-24",78.860001,79.900002,78.860001,79.839996,5271200,35.332248
"2011-01-21",78.599998,79.150002,78.010002,79,6760800,34.960518
"2011-01-20",78.970001,79.419998,78.5,78.989998,5106400,34.721547
"2011-01-19",78.589996,79.139999,78.25,79,5880400,34.725944
"2011-01-18",78.349998,78.970001,78.160004,78.400002,5760800,34.462203
"2011-01-14",78.150002,78.309998,77.82,78.309998,4035800,34.42264
"2011-01-13",78.800003,78.800003,77.830002,78.309998,4260200,34.42264
"2011-01-12",78.57,78.879997,77.769997,78.410004,5763200,34.4666
"2011-01-11",78.059998,78.309998,77.830002,78.209999,3457600,34.378684
"2011-01-10",77.959999,78.470001,77.639999,77.889999,6887600,34.238022
"2011-01-07",78.690002,78.779999,78,78.330002,6400600,34.431433
"2011-01-06",78.910004,79.300003,78.339996,78.709999,8646800,34.598468
"2011-01-05",78.470001,79.389999,78.400002,79.18,7206600,34.805066
"2011-01-04",79.529999,80.260002,79.330002,79.68,5136000,35.024851
"2011-01-03",80.339996,80.620003,79.150002,79.790001,6693400,35.073203
"2010-12-31",80.160004,80.650002,80.129997,80.370003,2218400,35.328154
"2010-12-30",80.419998,80.459999,80.150002,80.300003,1972000,35.297385
"2010-12-29",80.699997,80.910004,80.459999,80.459999,2249800,35.367714
"2010-12-28",80.769997,80.910004,80,80.779999,4481200,35.508376
"2010-12-27",80.449997,80.660004,80.150002,80.410004,1822000,35.345737
"2010-12-23",80.690002,81.279999,80.379997,80.529999,2650200,35.398484
"2010-12-22",80.040001,81.040001,79.540001,80.919998,3753200,35.569915
"2010-12-21",80.57,80.860001,79.370003,79.900002,5964200,35.121556
"2010-12-20",81.290001,81.32,80.440002,80.440002,3850600,35.358924
"2010-12-17",81.029999,81.25,80.639999,81,7349000,35.605081
"2010-12-16",80.75,81.18,80.330002,81.18,6601800,35.684204
"2010-12-15",80.790001,81.309998,80.540001,80.989998,5406600,35.600685
"2010-12-14",79.68,80.980003,79.620003,80.779999,6626000,35.508376
"2010-12-13",78.25,79.709999,78.209999,79.349998,5752600,34.879792
"2010-12-10",78.190002,78.760002,77.989998,78.209999,3927800,34.378684
"2010-12-08",78.029999,78.779999,78,78.650002,4426000,34.572095
"2010-12-07",78.139999,78.400002,77.870003,78.169998,6150600,34.361101
"2010-12-06",78.07,78.169998,77.650002,77.739998,3966000,34.172086
"2010-12-03",77.629997,78,77.480003,77.949997,3047800,34.264395
"2010-12-02",77.309998,78,77.290001,77.760002,5585600,34.180879
"2010-12-01",77.080002,77.449997,76.919998,77.230003,4992800,33.947908
"2010-11-30",76.709999,77.230003,76.5,76.550003,5459400,33.649001
"2010-11-29",77.220001,77.389999,76.360001,77.190002,3018400,33.930325
"2010-11-26",77.559998,77.879997,77.129997,77.389999,1707000,34.018237
"2010-11-24",78.010002,78.239998,77.32,77.970001,5101600,34.273188
"2010-11-23",77.809998,77.849998,77.400002,77.760002,3700800,34.180879
"2010-11-22",78.440002,78.510002,77.559998,78.389999,2817400,34.457806
"2010-11-19",78.330002,78.589996,77.970001,78.529999,4925600,34.519346
"2010-11-18",77.919998,78.489998,77.82,78.209999,4312600,34.378684
"2010-11-17",76.599998,77.68,76.419998,77.370003,6586800,34.009448
"2010-11-16",78.400002,78.400002,76.410004,76.809998,8066600,33.763287
"2010-11-15",78.110001,79.010002,77.610001,78.370003,9339800,34.449016
"2010-11-12",76.300003,76.82,76.260002,76.580002,4214200,33.662188
"2010-11-11",76.730003,77.019997,76.389999,76.75,4405600,33.736914
"2010-11-10",77.18,77.18,76.43,76.940002,3476800,33.820433
"2010-11-09",77.279999,77.650002,76.790001,76.989998,5745000,33.842409
"2010-11-08",77.160004,77.669998,76.870003,77.519997,4638200,34.07538
"2010-11-05",78.300003,78.300003,77.129997,77.57,5781000,34.09736
"2010-11-04",79,79.110001,78.190002,78.440002,6851000,34.479786
"2010-11-03",78.260002,78.459999,77.43,78.459999,6120800,34.488576
"2010-11-02",77.370003,78.25,77.370003,78.050003,6532200,34.308355
"2010-11-01",76.93,77.269997,76.830002,77.260002,5421400,33.961095
"2010-10-29",75.360001,77.440002,74.900002,77.120003,8847000,33.899555
"2010-10-28",75.900002,76,74.389999,74.919998,15811800,32.932502
"2010-10-27",75.919998,76.120003,75.169998,75.5,5880600,33.187452
"2010-10-26",76.540001,76.540001,75.690002,76.449997,7292600,33.605042
"2010-10-25",77.139999,77.290001,76.599998,76.870003,3994800,33.789663
"2010-10-22",76.940002,77.5,76.599998,76.839996,2964000,33.776473
"2010-10-21",77.330002,77.550003,76.309998,76.699997,4943600,33.714934
"2010-10-20",76.470001,77.519997,76.300003,77.18,6251600,33.692956
"2010-10-19",76.300003,76.889999,75.949997,76.25,4975000,33.286964
"2010-10-18",76.199997,76.940002,76.099998,76.730003,5691400,33.49651
"2010-10-15",76.150002,76.379997,75.589996,75.889999,5683000,33.129806
"2010-10-14",75.709999,76.459999,75.550003,75.839996,4183200,33.107977
"2010-10-13",75.349998,76.010002,75.129997,75.730003,5276600,33.059959
"2010-10-12",74.940002,75.339996,74.580002,74.940002,6356200,32.715084
"2010-10-11",75.150002,75.730003,74.550003,74.849998,4662600,32.675793
"2010-10-08",73.769997,75.040001,73.620003,74.900002,6490400,32.697622
"2010-10-07",74.440002,74.5,73.669998,73.75,7566800,32.195588
"2010-10-06",74.730003,75.040001,73.75,73.959999,9862400,32.287263
"2010-10-05",75.900002,76.099998,74.400002,74.919998,15187600,32.706351
"2010-10-04",76.459999,77.239998,76.25,76.419998,5963200,33.361177
"2010-10-01",77.110001,77.379997,76.440002,76.57,9056800,33.42666
"2010-09-30",76.800003,77.889999,76.349998,76.860001,11758800,33.55326
"2010-09-29",78.739998,79,78.139999,78.309998,4592400,34.186257
"2010-09-27",78.25,79.190002,78.139999,78.93,4768000,34.456919
"2010-09-24",78.639999,78.989998,78.129997,78.519997,5762800,34.277932
"2010-09-23",77.940002,78.43,77.639999,78.059998,5026800,34.077119
"2010-09-22",78.5,78.860001,78.360001,78.449997,5327400,34.247374
"2010-09-21",78.150002,79,77.879997,78.550003,8600200,34.291031
"2010-09-20",77.18,78.449997,77.150002,78.25,6515400,34.160065
"2010-09-17",76.68,77.43,76.68,77.370003,9000400,33.775902
"2010-09-16",76.32,76.580002,75.75,76.580002,5804200,33.431027
"2010-09-15",75.440002,76.550003,75.129997,76.269997,5240800,33.295694
"2010-09-14",75.029999,75.790001,75.029999,75.43,5886600,32.928993
"2010-09-13",75.5,75.589996,74.900002,75.050003,4388000,32.763105
"2010-09-10",74.739998,75.400002,74.690002,75.18,7164200,32.819855
"2010-09-09",75.050003,75.209999,74.389999,74.559998,4286000,32.549193
"2010-09-08",74.970001,75,74.169998,74.589996,5151400,32.562289
"2010-09-07",74.699997,75.75,74.510002,74.760002,7220000,32.636505
"2010-09-03",75.010002,75.239998,74.120003,74.849998,7356800,32.675793
"2010-09-02",74.879997,75.099998,74.510002,74.830002,5507000,32.667063
"2010-09-01",74.739998,75.309998,74.400002,74.919998,5829800,32.706351
"2010-08-31",73.769997,74.830002,73.699997,73.839996,7446600,32.234876
"2010-08-30",74.120003,74.620003,73.860001,73.860001,4520800,32.243609
"2010-08-27",74.18,74.470001,73.120003,74.25,6941600,32.413863
"2010-08-26",75.610001,75.699997,73.919998,73.989998,7080400,32.300359
"2010-08-25",75.029999,75.57,74.919998,75.279999,4848600,32.86351
"2010-08-24",74.650002,75.940002,74.650002,75.470001,4310400,32.946455
"2010-08-23",76.18,76.580002,75.440002,75.519997,4743600,32.968281
"2010-08-20",76.419998,76.739998,75.889999,76.029999,5389200,33.190923
"2010-08-19",76.650002,76.93,76.129997,76.75,5859000,33.505239
"2010-08-18",76.290001,77.089996,76.120003,76.800003,3802200,33.527068
"2010-08-17",76.440002,76.779999,76,76.449997,3880600,33.374273
"2010-08-16",75.910004,76.309998,75.510002,76.169998,4632400,33.252039
"2010-08-13",76.739998,77.169998,76.300003,76.389999,4805400,33.348081
"2010-08-12",76.07,77.300003,75.900002,77.019997,5652800,33.623106
"2010-08-11",77.199997,77.360001,76.470001,76.470001,5965000,33.383006
"2010-08-10",75.809998,78.589996,75.800003,77.970001,10654000,34.037831
"2010-08-09",76.849998,76.949997,75.830002,76.269997,6702600,33.295694
"2010-08-06",76.620003,76.970001,76.040001,76.5,7069600,33.396102
"2010-08-05",78.050003,78.18,76.949997,77.129997,6605600,33.671127
"2010-08-04",78.099998,78.550003,78,78.059998,4265200,34.077119
"2010-08-03",77.900002,78.339996,77.629997,78.139999,7014800,34.112044
"2010-08-02",79.57,79.57,78.099998,78.25,11233600,34.160065
"2010-07-30",77.82,79.480003,77.809998,78.980003,17946000,34.478748
"2010-07-29",79,79.620003,76.660004,78.120003,32939000,34.103314
"2010-07-28",84.589996,84.669998,83.529999,83.860001,5583400,36.609113
"2010-07-27",83.849998,84.709999,83.300003,84.589996,4770200,36.927792
"2010-07-26",83.389999,83.980003,83.18,83.739998,2953800,36.556725
"2010-07-23",82.550003,83.5,82.269997,83.470001,3247400,36.438858
"2010-07-22",83.089996,83.360001,82.339996,82.57,5431600,36.045962
"2010-07-21",84.110001,84.199997,82.68,83.029999,4568800,36.015403
"2010-07-20",82.629997,84.010002,82.57,83.970001,3872000,36.423142
"2010-07-19",83.150002,83.589996,82.769997,83.110001,3807400,36.050105
"2010-07-16",82.879997,83.230003,82.199997,82.830002,4734600,35.928652
"2010-07-15",83.150002,83.459999,82.510002,83.089996,3370600,36.041428
"2010-07-14",82.970001,83.360001,82.480003,83.309998,2638200,36.136856
"2010-07-13",83.300003,83.489998,82.849998,83.150002,4135800,36.067456
"2010-07-12",81.860001,82.980003,81.769997,82.839996,6071000,35.932987
"2010-07-09",81.760002,82.449997,81.690002,82.150002,4259400,35.633692
"2010-07-08",81.269997,82.07,81.120003,81.959999,4827200,35.551276
"2010-07-07",79.139999,80.989998,78.669998,80.980003,5472000,35.126189
"2010-07-06",79.199997,79.339996,78.169998,78.769997,4166000,34.167569
"2010-07-02",79.339996,79.339996,78.389999,78.720001,3917800,34.145882
"2010-07-01",78.620003,78.980003,77.599998,78.839996,7912800,34.197932
"2010-06-30",78.010002,79.25,77.730003,78.760002,7761200,34.163233
"2010-06-29",78.699997,78.839996,77.419998,78,6413600,33.833572
"2010-06-28",79.120003,79.57,78.559998,79.239998,3760200,34.371438
"2010-06-25",80.5,80.589996,79,79.029999,9237400,34.280348
"2010-06-24",80.300003,81,79.940002,80.32,4429800,34.839904
"2010-06-23",80.709999,81.080002,80.050003,80.330002,4431200,34.844242
"2010-06-22",81.169998,81.949997,80.839996,80.940002,5446200,35.108838
"2010-06-21",81.150002,81.550003,80.839996,81.160004,5114400,35.204267
"2010-06-18",80.959999,81.220001,80.519997,80.589996,5187800,34.957018
"2010-06-17",80.82,80.940002,80.169998,80.900002,3043600,35.091487
"2010-06-16",80.18,80.75,80.18,80.629997,2863400,34.974369
"2010-06-15",79.739998,80.860001,79.68,80.809998,4172200,35.052447
"2010-06-14",79.269997,79.900002,79.269997,79.32,3712200,34.40614
"2010-06-11",78.93,79.199997,78.269997,79.150002,3579400,34.332401
"2010-06-10",79.18,79.739998,79.150002,79.470001,3870200,34.471205
"2010-06-09",78.830002,79.209999,78.410004,78.720001,5436600,34.145882
"2010-06-08",77.639999,78.889999,77.5,78.760002,4894400,34.163233
"2010-06-07",77.209999,78.5,77.209999,77.639999,5416600,33.677417
"2010-06-04",77.989998,78.389999,77.029999,77.239998,5903800,33.503911
"2010-06-03",78.769997,79.050003,77.839996,78.879997,4201000,34.215283
"2010-06-02",77.269997,78.239998,76.639999,78.220001,9404000,33.929
"2010-06-01",77.769997,78.230003,76.849998,76.93,6696000,33.369445
"2010-05-28",78.129997,78.889999,78.010002,78.089996,5300600,33.872609
"2010-05-27",78.809998,79.220001,78.269997,78.769997,5342000,34.167569
"2010-05-26",78.730003,79.139999,77.879997,77.980003,8645000,33.824898
"2010-05-25",77.139999,78.389999,76.540001,78.330002,5927800,33.976715
"2010-05-24",79.230003,79.529999,78.480003,78.730003,5781800,34.150221
"2010-05-21",79.870003,80.230003,78.709999,79.589996,10941400,34.523255
"2010-05-20",81.059998,81.650002,80.300003,80.300003,6360200,34.83123
"2010-05-19",82.849998,83.239998,81.709999,82.150002,6132000,35.633692
"2010-05-18",84.089996,84.25,82.980003,83.150002,4739600,36.067456
"2010-05-17",82.980003,84.18,82.889999,83.809998,5550400,36.353738
"2010-05-14",83.400002,83.75,82.459999,82.760002,5933600,35.898288
"2010-05-13",84.010002,84.010002,83.080002,83.129997,3443000,36.058779
"2010-05-12",82.800003,83.68,82.459999,83.550003,4711400,36.240962
"2010-05-11",82.599998,83.510002,82.230003,82.830002,5098000,35.928652
"2010-05-10",81.800003,83.339996,81.529999,83.18,5709200,36.080468
"2010-05-07",81.599998,81.919998,79.699997,80.209999,8095800,34.792189
"2010-05-06",82.730003,83.510002,79.5,81.769997,9461800,35.46886
"2010-05-05",82.910004,83.660004,82.449997,82.720001,5291000,35.880937
"2010-05-04",83.839996,83.93,82.720001,82.870003,5942000,35.946003
"2010-05-03",84.300003,84.459999,83.519997,84.269997,4227200,36.553269
"2010-04-30",85.239998,85.459999,84.019997,84.099998,5243600,36.47953
"2010-04-29",84.5,85.82,84.360001,84.800003,6213200,36.783167
"2010-04-28",83.959999,85.139999,83.169998,85,6286000,36.869918
"2010-04-27",83.800003,84.559998,83.5,83.589996,4482200,36.25831
"2010-04-26",83.540001,84.400002,83.32,84.199997,4110600,36.522906
"2010-04-23",83.889999,83.889999,82.580002,83.269997,6383600,36.119505
"2010-04-22",83.839996,84.300003,83.650002,83.980003,3404000,36.427481
"2010-04-21",84.620003,84.919998,84.209999,84.699997,4145000,36.509894
"2010-04-20",84.330002,84.660004,83.82,84.540001,3439600,36.440927
"2010-04-19",83.25,84.199997,83.010002,84.150002,5416000,36.272818
"2010-04-16",83.989998,84.739998,83.699997,84.25,5536400,36.315923
"2010-04-15",84.550003,84.559998,83.519997,84.25,5188400,36.315923
"2010-04-14",84.389999,84.730003,83.93,84.639999,2644800,36.484032
"2010-04-13",84.779999,84.989998,84.209999,84.550003,3755000,36.445239
"2010-04-09",84.550003,84.75,84.010002,84.269997,5346000,36.324542
"2010-04-08",85.07,85.25,84.410004,84.559998,4190600,36.449547
"2010-04-07",84.800003,85.349998,84.5,85.110001,4380000,36.686625
"2010-04-06",85.290001,85.32,84.309998,84.93,4068200,36.609036
"2010-04-05",85.989998,86.150002,85.389999,85.620003,3914400,36.906462
"2010-04-01",85.349998,85.93,85.269997,85.809998,3489200,36.988359
"2010-03-31",85.190002,85.550003,84.970001,85.260002,3754600,36.751283
"2010-03-30",84.919998,85.629997,84.639999,85.459999,3925800,36.837492
"2010-03-29",84.349998,85.230003,84.25,84.980003,2998400,36.63059
"2010-03-26",83.489998,84.68,83.489998,84.440002,5112200,36.397823
"2010-03-25",84.470001,84.540001,83.370003,83.410004,5516600,35.953843
"2010-03-24",85.160004,85.18,84.089996,84.339996,4359600,36.354715
"2010-03-23",84.949997,85.57,84.480003,85.339996,4531200,36.785765
"2010-03-22",84.370003,85.610001,84.370003,84.949997,4573800,36.617656
"2010-03-19",84.839996,85.089996,84.290001,84.839996,5987200,36.57024
"2010-03-18",84.510002,84.870003,83.910004,84.769997,2695800,36.540067
"2010-03-17",84.730003,84.730003,83.800003,84.629997,4796600,36.47972
"2010-03-16",84.440002,84.830002,84.089996,84.620003,3490600,36.475412
"2010-03-15",83.980003,84.449997,83.839996,84.370003,3536800,36.36765
"2010-03-12",83.75,84.300003,83.709999,84.150002,4126400,36.272818
"2010-03-11",83.25,84.080002,82.779999,84.080002,4436200,36.242645
"2010-03-10",84.690002,84.709999,83.209999,83.580002,5145400,36.02712
"2010-03-09",83.620003,84.93,83.480003,84.5,4540800,36.423685
"2010-03-08",84.059998,84.279999,83.440002,83.949997,3466000,36.186606
"2010-03-05",84.379997,84.389999,83.650002,84.209999,5870000,36.29868
"2010-03-04",83.919998,84.639999,83.559998,84.160004,3954800,36.27713
"2010-03-03",83.760002,84.260002,83.599998,83.860001,3841400,36.147813
"2010-03-02",84.150002,84.25,83.589996,83.860001,5687800,36.147813
"2010-03-01",83.220001,83.839996,82.900002,83.790001,3972200,36.11764
"2010-02-26",83.379997,83.389999,82.510002,82.940002,3667400,35.751249
"2010-02-25",81.739998,83.309998,80.870003,83.110001,5434400,35.824526
"2010-02-24",82.080002,83.040001,81.849998,82.959999,4016000,35.759868
"2010-02-23",82.129997,82.489998,81.239998,81.889999,4416600,35.298645
"2010-02-22",81.849998,82.349998,81.5,82.080002,4043400,35.380546
"2010-02-19",82.419998,82.419998,81.230003,81.75,4863000,35.238299
"2010-02-18",81.050003,82.730003,81.029999,82.440002,4855200,35.535724
"2010-02-17",80.82,81.379997,80.550003,81.199997,3467800,35.00122
"2010-02-16",79.919998,80.790001,79.300003,80.620003,3914400,34.751214
"2010-02-12",80.110001,80.260002,79.089996,79.660004,4864600,34.337407
"2010-02-11",79.57,80.389999,79.25,80.330002,3524000,34.626209
"2010-02-10",80.279999,80.279999,79.059998,79.82,3793400,34.406373
"2010-02-09",79.510002,80.599998,79.099998,80.169998,4059600,34.55724
"2010-02-08",79.529999,79.790001,78.949997,79.089996,3262400,34.091705
"2010-02-05",79.639999,80.050003,78.07,79.260002,6091800,34.164986
"2010-02-04",80.459999,80.75,79.610001,79.669998,7284000,34.341715
"2010-02-03",80.949997,81.230003,80.440002,80.82,5777600,34.837423
"2010-02-02",79.839996,81.07,79.480003,81.050003,5937400,34.936565
"2010-02-01",80.419998,80.419998,79.019997,79.940002,6400400,34.4581
"2010-01-29",80.470001,80.860001,79.300003,80.029999,6692600,34.496893
"2010-01-28",80.709999,81.730003,79.669998,79.989998,8153400,34.479651
"2010-01-27",80.389999,80.82,79.660004,80.389999,6222200,34.652071
"2010-01-26",79.860001,80.760002,79.5,80.379997,5581400,34.64776
"2010-01-25",81.129997,81.449997,79.830002,80.470001,6220000,34.686556
"2010-01-22",79.050003,81.18,78.360001,80.709999,10959000,34.790007
"2010-01-21",80.239998,80.959999,78.260002,79.07,9020200,34.083086
"2010-01-20",80.120003,80.120003,78.400002,79.209999,7762000,33.953771
"2010-01-19",80.029999,80.730003,79.790001,80.589996,4460400,34.545314
"2010-01-15",80.540001,81.209999,79.580002,80,7913200,34.292409
"2010-01-14",80.779999,80.980003,80.150002,80.419998,5403800,34.472444
"2010-01-13",80.529999,81.400002,80.43,81.059998,4570600,34.746783
"2010-01-12",79.629997,81.199997,79.629997,80.68,5733800,34.583895
"2010-01-11",80.639999,81.330002,79.510002,81.150002,7054200,34.785363
"2010-01-08",80.209999,81.660004,80.099998,81.510002,8150200,34.93968
"2010-01-07",83.059998,83.07,82.25,83,3752200,35.578375
"2010-01-06",83.620003,83.75,82.400002,83.330002,7195200,35.719832
"2010-01-05",82.610001,83.669998,81.959999,83.519997,5296800,35.801274
"2010-01-04",82.489998,82.879997,81.860001,82.849998,4874200,35.514076
"2009-12-31",82.940002,83.07,82.120003,82.150002,2650600,35.214019
"2009-12-30",82.669998,83.230003,82.5,82.849998,3206000,35.514076
"2009-12-29",82.900002,83.360001,82.779999,82.860001,3511200,35.518363
"2009-12-28",83.440002,83.440002,82.519997,82.949997,5156400,35.556941
"2009-12-24",83.370003,83.660004,82.900002,83.150002,1893000,35.642674
"2009-12-23",83.309998,83.68,83.050003,83.440002,3231600,35.766984
"2009-12-22",83.209999,83.720001,82.839996,83.239998,3145400,35.681251
"2009-12-21",82.779999,83.82,82.739998,83.230003,4686200,35.676967
"2009-12-18",82.980003,82.989998,81,82.620003,8689200,35.415487
"2009-12-17",84.150002,84.220001,82.5,82.879997,4363600,35.526935
"2009-12-16",84.690002,85.040001,84.330002,84.620003,4721600,36.272797
"2009-12-15",84.400002,84.669998,83.620003,84.5,4503800,36.221357
"2009-12-14",84.339996,84.870003,84.040001,84.489998,3478800,36.21707
"2009-12-11",83.18,84.629997,82.900002,83.919998,4226800,35.972737
"2009-12-10",82.940002,83.290001,82.639999,82.82,4766400,35.501217
"2009-12-09",82.139999,83.220001,82.139999,82.5,6148200,35.364047
"2009-12-08",82.580002,82.620003,81.779999,82,6224600,35.14972
"2009-12-07",84.190002,84.580002,82.160004,82.980003,8540800,35.569803
"2009-12-04",86.019997,86.730003,84.75,85.209999,4195400,36.525702
"2009-12-03",86.470001,86.769997,85.489998,85.650002,4573800,36.714311
"2009-12-02",85.870003,86.589996,85.349998,86.32,6133000,37.00151
"2009-12-01",84.190002,85.989998,84.150002,85.75,6139800,36.757176
"2009-11-30",83.68,84.68,83.139999,84.190002,5738200,36.088475
"2009-11-27",83.349998,84.160004,82.099998,83.629997,2629200,35.848426
"2009-11-25",85.279999,85.480003,84.370003,84.459999,3835000,36.204211
"2009-11-24",84.93,85.139999,84,85.059998,4345600,36.461403
"2009-11-23",84.620003,85.099998,84.360001,84.57,4478200,36.251363
"2009-11-20",84.120003,85.019997,83.879997,83.970001,8190400,35.994171
"2009-11-19",85,85,83.580002,84.419998,10827800,36.187064
"2009-11-18",82.620003,87.389999,82.120003,85.870003,27909800,36.808616
"2009-11-17",82.360001,82.889999,82.050003,82.839996,4297400,35.509788
"2009-11-16",81.849998,82.519997,81.660004,82.400002,3756200,35.321182
"2009-11-13",80.709999,81.669998,80.709999,81.489998,5465800,34.931105
"2009-11-12",81.589996,81.949997,80.360001,80.5,6447600,34.506737
"2009-11-11",81.839996,82.080002,81.269997,81.720001,4315800,35.029697
"2009-11-10",81.169998,82.040001,80.830002,81.470001,4930600,34.922533
"2009-11-09",80.040001,81.309998,79.150002,81.230003,6299400,34.819657
"2009-11-06",79.279999,80.300003,79.089996,79.870003,4932800,34.236685
"2009-11-05",78.589996,79.650002,78.199997,79.599998,4308200,34.120947
"2009-11-04",77.669998,79.019997,77.43,78.330002,5717600,33.576556
"2009-11-03",78.459999,78.650002,77.260002,77.550003,6450400,33.242206
"2009-11-02",78.910004,79.5,77.879997,78.699997,6205000,33.735156
"2009-10-30",78.980003,80.099998,78.080002,78.629997,9892600,33.705151
"2009-10-29",76.849998,79.470001,76.07,78.940002,8522400,33.838036
"2009-10-28",77.919998,78.699997,77.25,77.68,6507400,33.29793
"2009-10-27",77.349998,78.349998,77.239998,77.849998,5342800,33.3708
"2009-10-26",77.919998,78.580002,77.18,77.419998,5445000,33.186478
"2009-10-23",79.639999,79.800003,77.43,77.720001,6374000,33.315076
"2009-10-22",78.419998,79.589996,78.230003,79.379997,5971600,34.026642
"2009-10-21",79.379997,80.150002,78.82,78.919998,4405000,33.640852
"2009-10-20",79.389999,80.410004,78.980003,79.440002,4260200,33.862512
"2009-10-19",79.239998,79.690002,78.57,79.470001,4479800,33.875299
"2009-10-16",78.529999,79.690002,78.349998,79.260002,4797800,33.785784
"2009-10-15",78.529999,78.919998,78.209999,78.769997,5157200,33.576912
"2009-10-14",79.029999,79.029999,78.209999,78.660004,5493200,33.530025
"2009-10-13",79.5,79.5,78.279999,78.660004,4809600,33.530025
"2009-10-12",79.019997,80.019997,78.519997,79.620003,4450200,33.93924
"2009-10-09",78.839996,78.849998,78.300003,78.709999,3933200,33.551337
"2009-10-08",78.129997,79.029999,77.82,78.709999,4960000,33.551337
"2009-10-07",77.660004,77.830002,77.269997,77.760002,3057000,33.146386
"2009-10-06",77.129997,78.120003,77.080002,77.919998,4391200,33.214587
"2009-10-05",76.830002,77.059998,75.660004,76.860001,6034800,32.762747
"2009-10-02",75.540001,77.139999,75.199997,76.839996,6175800,32.754219
"2009-10-01",76.599998,76.599998,75.459999,75.82,6378800,32.31943
"2009-09-30",76.559998,76.699997,75.919998,76.279999,5721200,32.515512
"2009-09-29",76.5,76.919998,75.800003,76.550003,5111800,32.630605
"2009-09-28",76.870003,77.080002,76.300003,76.379997,3635800,32.558138
"2009-09-25",76.370003,77.190002,76.199997,76.5,4824800,32.609291
"2009-09-24",76.419998,77.25,76.089996,76.379997,4650600,32.558138
"2009-09-23",75.5,77.440002,75.5,76.360001,5430000,32.549614
"2009-09-22",75.68,75.910004,75.25,75.660004,5748400,32.25123
"2009-09-21",76.010002,76.220001,75.480003,75.699997,2862600,32.268277
"2009-09-18",75.699997,76.639999,75.599998,76.099998,8068600,32.438784
"2009-09-17",75.529999,76.260002,75.139999,75.260002,4281000,32.080723
"2009-09-16",74.620003,75.580002,74.400002,75.510002,5084400,32.187289
"2009-09-15",75.099998,75.099998,74.360001,74.449997,5164800,31.735446
"2009-09-14",74.57,75.470001,74.400002,75.050003,7033800,31.991208
"2009-09-11",74.25,75.690002,74.25,75.230003,9739400,32.067935
"2009-09-10",72.160004,73.230003,71.940002,73.230003,8159000,31.215405
"2009-09-09",71.459999,72.080002,70.620003,72.040001,5466400,30.708148
"2009-09-08",71.440002,71.910004,71.199997,71.489998,4430000,30.473701
"2009-09-04",71.080002,71.150002,70.699997,71.080002,3965000,30.298934
"2009-09-03",72.279999,72.279999,70.449997,71.169998,6738000,30.337296
"2009-09-02",71.709999,72.239998,71.269997,72,3995800,30.691097
"2009-09-01",72.400002,72.75,71.57,71.779999,4819600,30.597318
"2009-08-31",72.459999,73.279999,72.360001,72.699997,3920800,30.989482
"2009-08-28",73.190002,73.709999,72.669998,72.760002,3375000,31.01506
"2009-08-27",73.410004,73.480003,72.800003,73.230003,3550200,31.215405
"2009-08-26",73.059998,73.489998,72.709999,73.300003,3808400,31.245243
"2009-08-25",72.949997,73.419998,72.629997,73.089996,4257200,31.155725
"2009-08-24",73.290001,73.480003,72.349998,72.82,3456600,31.040635
"2009-08-21",73.300003,73.620003,72.68,73.160004,5911200,31.185566
"2009-08-20",71.940002,72.93,71.540001,72.769997,5105600,31.01932
"2009-08-19",70.870003,72.139999,70.730003,71.970001,3865000,30.67831
"2009-08-18",71.330002,71.419998,70.709999,71.269997,2967400,30.379922
"2009-08-17",70.889999,71.480003,70.709999,71.339996,3826600,30.409761
"2009-08-14",72.139999,72.379997,71.209999,71.75,3252200,30.584531
"2009-08-13",71.769997,72.07,71,72.029999,3523000,30.703885
"2009-08-12",71.610001,72.419998,71.169998,71.82,5017400,30.614369
"2009-08-11",71.279999,72.18,71.099998,71.769997,5185000,30.593055
"2009-08-10",70.910004,71.360001,70.519997,71.300003,5451600,30.392713
"2009-08-07",71.660004,72.099998,70.879997,71.019997,5716800,30.273356
"2009-08-06",71.690002,71.730003,71.019997,71.5,5720600,30.477965
"2009-08-05",72.279999,72.279999,71.190002,71.599998,5519800,30.520591
"2009-08-04",72.099998,72.709999,71.970001,72.209999,5950800,30.780613
"2009-08-03",72.639999,72.639999,71.440002,72.129997,9429600,30.746511
"2009-07-31",72.230003,73.050003,71.129997,72.440002,9985400,30.878655
"2009-07-30",74.199997,74.300003,71.089996,71.830002,23081800,30.618633
"2009-07-29",74.900002,76,74.699997,75.849998,4886600,32.332218
"2009-07-28",74.839996,75.480003,74.839996,75.370003,3867600,32.127612
"2009-07-27",75.239998,75.260002,74.610001,75.099998,4093000,32.012519
"2009-07-24",74.459999,75.239998,74.419998,75.099998,4331200,32.012519
"2009-07-23",73.480003,75.260002,73.309998,74.580002,5858400,31.790862
"2009-07-22",73.43,74.279999,73.199997,73.440002,6398400,31.30492
"2009-07-21",73.900002,74.43,73.050003,73.800003,5915000,31.270819
"2009-07-20",73.739998,73.849998,72.669998,73.43,4901000,31.11404
"2009-07-17",73.599998,73.989998,73.25,73.519997,4821400,31.152174
"2009-07-16",72.769997,74.139999,72.769997,73.540001,4793800,31.16065
"2009-07-15",74,74,72.900002,73.099998,6244200,30.97421
"2009-07-14",73.010002,73.360001,72.669998,73.339996,3790600,31.075903
"2009-07-13",71.349998,73.239998,71.269997,72.839996,5881000,30.864041
"2009-07-10",72.839996,72.839996,70.989998,71.230003,8419400,30.181849
"2009-07-09",73.720001,73.870003,72.849998,73.059998,4157600,30.957261
"2009-07-08",72.919998,73.629997,72.699997,73.339996,6205400,31.075903
"2009-07-07",74.279999,74.279999,72.910004,73.120003,7122000,30.982687
"2009-07-06",72.18,74.489998,71.580002,74.379997,10624800,31.516576
"2009-07-02",71.690002,72.440002,71.449997,72.080002,5853200,30.542013
"2009-07-01",70.93,72.379997,70.93,72.139999,5827400,30.567436
"2009-06-30",71.459999,71.889999,70.099998,70.739998,7424200,29.974222
"2009-06-29",71.769997,72.489998,71.480003,71.739998,5767200,30.397946
"2009-06-26",71.239998,72.190002,71.120003,71.760002,5538600,30.406422
"2009-06-25",70.07,71.739998,69.650002,71.440002,6864600,30.270831
"2009-06-24",70.739998,70.860001,69.82,70.190002,5642200,29.741176
"2009-06-23",70.589996,70.800003,69.879997,70.360001,4324400,29.813208
"2009-06-22",69.989998,71.160004,69.959999,70.550003,4858800,29.893717
"2009-06-19",71.389999,71.68,70.199997,70.57,8596400,29.90219
"2009-06-18",69.709999,71.080002,69.43,70.809998,5114000,30.003882
"2009-06-17",68.529999,69.989998,68.5,69.519997,5595200,29.457278
"2009-06-16",70.300003,70.300003,68.32,68.599998,9194400,29.067453
"2009-06-15",70.82,70.82,69.760002,69.959999,5656000,29.643718
"2009-06-12",69.959999,72,69.790001,71.379997,6137200,30.245405
"2009-06-11",70.349998,71.190002,70.190002,70.260002,5168400,29.770836
"2009-06-10",70.150002,70.800003,69.949997,70.360001,8693400,29.813208
"2009-06-09",70.889999,70.900002,69.970001,70.169998,6111000,29.732699
"2009-06-08",70.239998,71.330002,69.93,70.879997,6432600,30.033543
"2009-06-05",71.269997,71.699997,70.5,70.900002,7664600,30.042019
"2009-06-04",70.690002,71.32,70.150002,71.32,10542800,30.219982
"2009-06-03",69.82,70.889999,69.540001,70.839996,13098200,30.016594
"2009-06-02",69.120003,70.519997,69.080002,70.239998,15511400,29.76236
"2009-06-01",66.290001,69.559998,66.290001,69.419998,14844800,29.414907
"2009-05-29",64.029999,65.959999,63.919998,65.949997,9748800,27.944584
"2009-05-28",63.68,64.099998,62.900002,63.970001,7615000,27.105613
"2009-05-27",64.650002,64.760002,63.299999,63.5,6959800,26.906462
"2009-05-26",63.82,64.919998,63.560001,64.760002,7397000,27.440355
"2009-05-22",63.900002,64.639999,63.59,64.110001,6333000,27.164934
"2009-05-21",63.200001,63.919998,62.75,63.900002,7062800,27.075953
"2009-05-20",63.759998,64.389999,63.259998,63.900002,9370800,27.075953
"2009-05-19",64.220001,64.5,63.900002,64.209999,6902400,27.207306
"2009-05-18",64.050003,64.480003,63.57,64.480003,6383200,27.321713
"2009-05-15",63.43,64.019997,63.189999,63.490002,6349600,26.902226
"2009-05-14",64.25,64.410004,63.150002,63.439999,8056600,26.881038
"2009-05-13",63.049999,64.410004,62.5,64.139999,12716800,27.177645
"2009-05-12",62.34,63.59,62,63.459999,9083000,26.889513
"2009-05-11",61.220001,62.389999,61,62.189999,7236000,26.351384
"2009-05-08",62.34,62.450001,61.110001,61.82,6750400,26.194606
"2009-05-07",61.700001,62.150002,61.209999,61.869999,9419400,26.215792
"2009-05-06",62.130001,62.299999,60.849998,61.349998,8936400,25.995456
"2009-05-05",62.580002,62.580002,61.02,61.560001,8345800,26.084439
"2009-05-04",61.810001,62.5,61.490002,62.27,8247400,26.385282
"2009-05-01",59.119999,61.98,58.830002,61.400002,14063000,26.016643
"2009-04-30",60.439999,60.439999,58.18,59,11936200,24.999705
"2009-04-29",59.310001,60.060001,58.93,59.709999,7450200,25.300549
"2009-04-28",59.240002,59.689999,58.630001,58.98,4782200,24.991231
"2009-04-27",59.080002,60.200001,58.790001,59.369999,6155200,25.156483
"2009-04-24",59.290001,59.57,58.41,59.16,5394600,25.067501
"2009-04-23",59.060001,59.470001,58.369999,58.970001,6511000,24.986994
"2009-04-22",60.060001,60.209999,59.130001,59.23,7943800,25.097161
"2009-04-21",60.16,61.330002,60.099998,60.599998,5864000,25.491225
"2009-04-20",60.599998,61.130001,60.23,60.48,6097000,25.440748
"2009-04-17",59.439999,61.32,58.919998,60.82,9646600,25.583768
"2009-04-16",58.389999,59.52,58.16,59.220001,8947600,24.910733
"2009-04-15",57.150002,58.049999,57.150002,58.029999,7496000,24.410162
"2009-04-14",58.450001,58.459999,57.169998,57.290001,7471600,24.098884
"2009-04-13",59.790001,59.790001,58.25,58.490002,7106400,24.603661
"2009-04-09",60.84,61.279999,58.860001,59.799999,8280600,25.154708
"2009-04-08",60.389999,60.919998,59.75,60.619999,6959600,25.499638
"2009-04-07",60.459999,60.860001,59.939999,60.330002,5179600,25.377652
"2009-04-06",60.209999,61.209999,60.02,61.110001,5404600,25.705756
"2009-04-03",61.43,61.509998,59.799999,60.439999,7900400,25.423922
"2009-04-02",59.150002,61.849998,59.150002,61.23,11422400,25.756234
"2009-04-01",58.130001,59.060001,57,58.799999,10762400,24.734061
"2009-03-31",59.060001,59.790001,58.580002,58.98,5539200,24.809777
"2009-03-30",59,59.110001,57.900002,58.790001,5664200,24.729855
"2009-03-27",59.580002,60.220001,59.099998,59.509998,4654600,25.03272
"2009-03-26",59.599998,60.349998,58.82,60.290001,8249600,25.360826
"2009-03-25",59.009998,59.740002,58.5,59.23,6344000,24.914939
"2009-03-24",58.779999,59.549999,58.450001,58.470001,6087800,24.595248
"2009-03-23",58.169998,59.32,57.740002,59.310001,5760000,24.948592
"2009-03-20",57.369999,58.549999,57.349998,57.369999,7520800,24.132535
"2009-03-19",58,58.23,57.110001,57.310001,6654200,24.107297
"2009-03-18",58.669998,58.720001,57.389999,57.740002,7761400,24.288175
"2009-03-17",57.259998,59.029999,57.220001,58.91,5401000,24.780332
"2009-03-16",58.139999,58.529999,57.189999,57.32,6898400,24.111503
"2009-03-13",56.869999,57.799999,56.259998,57.619999,6373400,24.237697
"2009-03-12",56.23,56.619999,55.32,56.509998,9433400,23.770778
"2009-03-10",55.790001,55.900002,54.91,55.84,9061200,23.488945
"2009-03-09",55.470001,55.810001,54.509998,55.049999,8615000,23.156633
"2009-03-06",56.220001,57.310001,54.799999,56.049999,9560000,23.57728
"2009-03-05",57.540001,58,55.560001,56.029999,7896400,23.568867
"2009-03-04",57.880001,59.43,57.119999,58.599998,7195200,24.649931
"2009-03-03",58.41,58.799999,57,57.32,7474400,24.111503
"2009-03-02",59.490002,59.540001,58.040001,58.139999,8626600,24.456433
"2009-02-27",58.869999,60.98,58.27,60.18,9568400,25.314554
"2009-02-26",59.119999,60,58.75,59.34,8933000,24.96121
"2009-02-25",59.330002,59.66,58.52,58.860001,6509000,24.7593
"2009-02-24",58.759998,59.779999,58.330002,59.52,6594200,25.036927
"2009-02-23",59.509998,60.09,58.349998,58.400002,6735800,24.565803
"2009-02-20",60.110001,60.740002,59.240002,59.48,9235600,25.020101
"2009-02-19",61.279999,61.740002,60.459999,60.720001,4831800,25.541704
"2009-02-18",61.52,61.75,60.5,60.889999,5025200,25.613213
"2009-02-17",62.400002,62.48,60.599998,61.099998,6260400,25.701549
"2009-02-13",63.23,64.160004,62.860001,63.130001,5013600,26.555464
"2009-02-12",62.689999,63.310001,61.689999,63.310001,4379200,26.631181
"2009-02-11",63.02,63.27,62.27,62.900002,4242200,26.458715
"2009-02-10",63.93,64.660004,62.189999,62.639999,6832000,26.349346
"2009-02-09",65.419998,65.989998,63.619999,64.150002,7440800,26.984525
"2009-02-06",64.589996,65.910004,64.419998,65.660004,5313600,27.619703
"2009-02-05",63.790001,64.769997,62.93,64.419998,8184200,27.098098
"2009-02-04",66.080002,66.879997,63.73,64.059998,8991200,26.946665
"2009-02-03",64.639999,66.25,64.300003,65.760002,7202600,27.661767
"2009-02-02",64.519997,65.199997,63.41,64.339996,6558400,27.064445
"2009-01-30",65.540001,65.959999,64.690002,65.040001,9636600,27.3589
"2009-01-29",64.5,67,64.43,65.220001,10304400,27.434617
"2009-01-28",62.630001,64.339996,62.189999,63.849998,8023400,26.858329
"2009-01-27",61.98,62.900002,61.950001,62.220001,6133200,26.172675
"2009-01-26",61.68,62.32,61.169998,61.779999,4914200,25.987589
"2009-01-23",61.889999,62.139999,60.599998,61.68,7613200,25.945525
"2009-01-22",62.549999,62.990002,61.34,62.57,7801600,26.319901
"2009-01-21",63.009998,63.57,61.959999,63.43,6846800,26.513399
"2009-01-20",63.459999,64.309998,62.5,62.560001,8358400,26.149744
"2009-01-16",63.720001,63.880001,62.439999,63.540001,8621800,26.559378
"2009-01-15",62.740002,63.25,61.669998,63.060001,6604400,26.358741
"2009-01-14",64.120003,64.25,62.200001,62.82,7007600,26.258422
"2009-01-13",65.650002,66.07,63.990002,64.449997,7967000,26.939752
"2009-01-12",65.18,65.860001,64.800003,65.589996,6264000,27.416265
"2009-01-09",65.379997,65.980003,64.75,64.900002,6939800,27.127851
"2009-01-08",65.769997,66.209999,64.800003,65.540001,7237800,27.395368
"2009-01-07",65.849998,66.459999,65.580002,65.919998,6319000,27.554204
"2009-01-06",68.019997,68.760002,66.32,66.5,9178400,27.796642
"2009-01-05",69.089996,69.239998,67.540001,68.029999,7160800,28.436173
"2009-01-02",68.470001,69.709999,67.699997,69.32,6090600,28.975387
"2008-12-31",68.040001,68.889999,67.720001,68.540001,7437400,28.649352
"2008-12-30",67.980003,68.669998,67.400002,68.019997,5864800,28.431993
"2008-12-29",67.980003,68.18,66.339996,67.389999,6049400,28.168657
"2008-12-26",67.839996,68.360001,67.190002,68.099998,5504000,28.465433
"2008-12-24",66.349998,67.739998,66,67.620003,3317400,28.264797
"2008-12-23",66.339996,66.970001,65.449997,65.849998,7869600,27.524945
"2008-12-22",65.589996,66.300003,64.760002,66.139999,6930000,27.646164
"2008-12-19",64.839996,65.669998,64.010002,65,11334200,27.16965
"2008-12-18",62.700001,65,62.52,63.919998,10490000,26.718215
"2008-12-17",61.849998,62.849998,61.59,62.18,6604400,25.990906
"2008-12-16",59.41,62.709999,59.349998,62.619999,9460600,26.174823
"2008-12-15",59.669998,60.099998,58.419998,59.400002,5970400,24.828881
"2008-12-12",57.130001,59.439999,57.130001,59.220001,7036200,24.753642
"2008-12-11",59.389999,59.990002,57.919998,58.560001,8894400,24.477765
"2008-12-10",60.630001,60.73,58.529999,59.169998,7205200,24.732741
"2008-12-09",61.130001,62.169998,59.709999,59.98,7801400,25.071317
"2008-12-08",64,64.370003,60.779999,61.380001,8576000,25.65651
"2008-12-05",60.869999,63.240002,59.93,63.009998,7937800,26.33784
"2008-12-04",63.040001,63.709999,60.98,61.759998,6221800,25.815347
"2008-12-03",61.400002,63.75,60.259998,63.639999,6291400,26.601177
"2008-12-02",62.459999,62.790001,60.43,62.650002,7199000,26.187363
"2008-12-01",63.580002,64.120003,61.279999,61.43,7131600,25.67741
"2008-11-28",63.32,65.32,63.32,65.07,3690400,27.19891
"2008-11-26",61.599998,63.560001,61,63.490002,6487400,26.538479
"2008-11-25",64.139999,65.199997,61.740002,62.740002,9341200,26.224983
"2008-11-24",62.82,64.93,62.330002,63.889999,10444400,26.705676
"2008-11-21",61.799999,63,59.25,62.650002,13177600,26.187363
"2008-11-20",62.32,64.120003,60.040001,60.5,12410800,25.288674
"2008-11-19",64,65.220001,62.990002,62.990002,9961400,26.329482
"2008-11-18",62.080002,64.190002,61,64.050003,9638800,26.772557
"2008-11-17",61.41,64.43,61.41,62.080002,6938200,25.949107
"2008-11-14",62.360001,65,61.779999,62.060001,8332000,25.940747
"2008-11-13",59.959999,63.700001,58.610001,63.700001,8868400,26.626258
"2008-11-12",60.759998,61.240002,59.400002,59.509998,7035800,24.874859
"2008-11-11",63.200001,64.139999,61.080002,61.91,7028000,25.878047
"2008-11-10",63.5,64.540001,62.509998,63.549999,4780400,26.563558
"2008-11-07",62.130001,63.02,61.470001,63.02,6377800,26.342021
"2008-11-06",63.259998,64.540001,61.049999,61.599998,8843800,25.748468
"2008-11-05",65.449997,65.860001,63.18,63.709999,7904200,26.630437
"2008-11-04",65.139999,66.519997,64.370003,66.150002,7230400,27.650345
"2008-11-03",64.580002,64.580002,63.150002,63.529999,7666400,26.555198
"2008-10-31",64.029999,66.959999,61.84,62.759998,14387800,26.233342
"2008-10-30",64.010002,65.5,62.57,64.230003,12907600,26.847796
"2008-10-29",60.23,63.16,59.259998,60,12126800,25.079677
"2008-10-28",55.720001,60.119999,55.529999,59.919998,12468000,25.046237
"2008-10-27",54.919998,57.400002,54.360001,54.77,7561400,22.893565
"2008-10-24",55.009998,57.580002,54.610001,55.939999,8117200,23.382618
"2008-10-23",59.130001,60.200001,55.869999,58.290001,11125400,24.364907
"2008-10-22",61.700001,62.23,57.830002,58.82,10646800,24.586443
"2008-10-21",63.740002,64.980003,62.509998,62.880001,5335800,26.116305
"2008-10-20",63.619999,64.610001,62.330002,64.610001,6597800,26.834835
"2008-10-17",60.619999,64.339996,60.619999,62.189999,7984800,25.829722
"2008-10-16",60.970001,63,58.459999,62.610001,12212800,26.004164
"2008-10-15",62.939999,63.25,60,60.57,9371600,25.156879
"2008-10-14",68.75,69,62.639999,64,13569000,26.58148
"2008-10-13",62.75,67.300003,62.189999,67.129997,11127200,27.881479
"2008-10-10",61.200001,64.209999,57.41,60.75,20202200,25.231639
"2008-10-09",68.080002,68.309998,63.529999,63.529999,11007000,26.386272
"2008-10-08",69.339996,71.339996,67.669998,67.860001,16983400,28.184676
"2008-10-07",73.889999,74.239998,71.400002,71.650002,11646400,29.758798
"2008-10-06",74.449997,75.209999,71.110001,72.629997,11244000,30.165825
"2008-10-03",77.639999,77.639999,75.370003,75.5,8116200,31.35784
"2008-10-02",76,77.470001,74.68,76.760002,10684600,31.881163
"2008-10-01",74.919998,76.370003,74.879997,76.32,4906800,31.698415
"2008-09-30",75.169998,75.57,74.150002,75.349998,7704200,31.295539
"2008-09-29",76.400002,77.660004,74.190002,74.669998,9029200,31.01311
"2008-09-26",75.239998,77.330002,75.239998,77.059998,5476800,32.005762
"2008-09-25",75.019997,76.580002,74.93,76,7383200,31.565508
"2008-09-24",74.029999,75.010002,72.879997,74.809998,4945600,31.071257
"2008-09-23",73.489998,75.110001,73.029999,73.650002,6069800,30.589469
"2008-09-22",75.059998,75.989998,73.239998,73.5,5120600,30.527168
"2008-09-19",77.059998,78.139999,74.879997,75.709999,11386200,31.44506
"2008-09-18",76.639999,77.639999,74.540001,76.879997,12411600,31.931002
"2008-09-17",77.360001,78.080002,76.019997,76.360001,10422000,31.715029
"2008-09-16",77.330002,79.010002,77.220001,78.5,9813600,32.603847
"2008-09-15",77.959999,80.489998,77.959999,78.18,8569200,32.470939
"2008-09-12",78.940002,79.989998,78.940002,79.989998,6894400,33.222696
"2008-09-11",77.839996,79.519997,77.25,79.519997,7594000,33.027488
"2008-09-10",78.809998,79.470001,78.07,78.199997,6252600,32.479245
"2008-09-09",79.370003,79.550003,78.57,78.589996,7191000,32.641225
"2008-09-08",77.580002,79.389999,77.309998,79.25,7849200,32.915348
"2008-09-05",76.470001,77.209999,75.830002,77.07,6101800,32.009917
"2008-09-04",76.849998,77.68,76.300003,76.449997,6581200,31.752407
"2008-09-03",76.07,77.519997,76.07,77.059998,5908000,32.005762
"2008-09-02",76.580002,77.580002,76.379997,76.720001,4082000,31.86455
"2008-08-29",76.510002,77.089996,76.029999,76.029999,3070800,31.577967
"2008-08-28",76.529999,77,75.849998,76.809998,3199200,31.901928
"2008-08-27",75.68,76.339996,75.260002,76.230003,2379400,31.661036
"2008-08-26",76.089996,76.300003,75.300003,75.860001,3341800,31.507361
"2008-08-25",76.809998,77.209999,75.830002,75.980003,3065000,31.557202
"2008-08-22",76.410004,77.370003,76.349998,77.260002,3160800,32.088831
"2008-08-21",76.25,76.419998,75.660004,76.260002,4228400,31.673496
"2008-08-20",77.160004,77.5,76.089996,76.489998,6788800,31.769021
"2008-08-18",78.440002,78.510002,77.120003,77.75,4874800,32.292345
"2008-08-15",77.790001,78.959999,77.010002,78.419998,5791600,32.570619
"2008-08-14",76.730003,77.879997,76.550003,77.510002,4528200,32.192665
"2008-08-13",78.089996,78.419998,76.709999,77.379997,3670000,32.13867
"2008-08-12",77.5,78.43,77.349998,77.940002,4090000,32.37126
"2008-08-11",78.199997,78.349998,77.220001,77.849998,5805400,32.333878
"2008-08-08",75.779999,78.580002,75.139999,78.269997,9334200,32.508318
"2008-08-07",75.650002,76.5,75.190002,75.760002,6079000,31.465828
"2008-08-06",75.709999,76.239998,74.370003,76.120003,6614000,31.615349
"2008-08-05",75.199997,76.190002,75,75.839996,9203200,31.499052
"2008-08-04",74.489998,75.290001,74.220001,74.910004,5802200,31.112793
"2008-08-01",74.800003,74.870003,73.779999,74.440002,6107400,30.917585
"2008-07-31",74.690002,75.169998,73.790001,74.269997,6710200,30.846976
"2008-07-30",74.699997,75.330002,74.099998,74.970001,8878000,31.137712
"2008-07-29",71.199997,74.639999,71.199997,74.150002,13710200,30.797137
"2008-07-24",69.849998,70.510002,69.510002,69.989998,5286000,29.06934
"2008-07-23",70.370003,70.599998,69.900002,70.110001,5792600,29.119181
"2008-07-22",68.230003,70.160004,68.230003,70.089996,6542400,29.110872
"2008-07-21",68.82,69.019997,68.160004,68.589996,3508400,28.321733
"2008-07-18",69.849998,69.849998,68.699997,68.839996,6401400,28.424962
"2008-07-17",69.330002,70.07,68,69.699997,7107600,28.780068
"2008-07-16",69.019997,69.5,68.379997,69.150002,8726600,28.552967
"2008-07-15",67.830002,69.82,66.209999,69.07,18791200,28.519933
"2008-07-14",69.32,70.050003,68.519997,68.959999,5401600,28.474513
"2008-07-11",69.260002,69.830002,68.620003,69.190002,5562400,28.569484
"2008-07-10",70.389999,70.779999,69.290001,69.870003,5202400,28.850265
"2008-07-09",70.07,70.949997,69.589996,70.309998,4891200,29.031945
"2008-07-08",69.599998,70.080002,69.25,69.879997,7330200,28.854392
"2008-07-07",70.510002,71.239998,68.639999,69.559998,8658200,28.72226
"2008-07-03",69.470001,70.57,69.25,70.349998,3819000,29.048462
"2008-07-02",69.690002,69.720001,68.900002,69.029999,5440200,28.503416
"2008-07-01",68.43,69.410004,68.019997,69.400002,6148200,28.656196
"2008-06-30",68.449997,70.330002,68.209999,69.099998,8218000,28.53232
"2008-06-27",69.150002,69.589996,68.010002,68.209999,6826200,28.164828
"2008-06-26",69.010002,70.080002,68.669998,69.209999,8795400,28.577741
"2008-06-25",68.559998,70.129997,68.269997,69.68,7256000,28.771811
"2008-06-24",68.599998,68.830002,68.220001,68.440002,9330400,28.259799
"2008-06-23",69.779999,69.779999,68.709999,68.839996,9214800,28.424962
"2008-06-20",71.489998,71.489998,69.139999,69.610001,10807400,28.742907
"2008-06-19",71.540001,72.160004,71.230003,71.559998,6933200,29.548087
"2008-06-18",72.029999,72.900002,71.550003,71.709999,4925000,29.610025
"2008-06-17",73.059998,73.160004,72.309998,72.389999,4676600,29.890806
"2008-06-16",72.970001,73.010002,72,72.839996,4273000,30.076616
"2008-06-13",73.440002,73.559998,72.209999,73.300003,4909000,30.266559
"2008-06-12",73.800003,74.419998,73.059998,73.349998,4629600,30.287203
"2008-06-11",74,74.559998,73.550003,73.800003,5101200,30.473015
"2008-06-10",72.290001,75,72.290001,74.330002,6730800,30.691859
"2008-06-09",72.989998,73.040001,72.260002,72.900002,5067200,30.101393
"2008-06-06",74.57,74.57,72.629997,72.690002,7465400,30.014681
"2008-06-05",74.730003,75.160004,73.919998,75.040001,8674000,30.985027
"2008-06-04",73.269997,74.580002,72.800003,74.489998,6785200,30.757924
"2008-06-03",73.269997,73.879997,72.989998,73.349998,8187800,30.287203
"2008-06-02",74,74.279999,72.690002,73.160004,7952000,30.208751
"2008-05-30",73.57,74.5,73.370003,74.360001,12800000,30.704246
"2008-05-29",72.860001,73.599998,72.5,73.5,5061800,30.34914
"2008-05-28",72.730003,72.980003,72.279999,72.849998,5322000,30.080746
"2008-05-27",72.220001,72.889999,72.139999,72.449997,6696000,29.91558
"2008-05-23",71.879997,72.470001,71.739998,72.139999,5084800,29.787578
"2008-05-22",71.489998,72.230003,71.150002,72.150002,8771400,29.791708
"2008-05-21",71.779999,72.589996,71.379997,71.529999,10621800,29.5357
"2008-05-20",71.870003,72.610001,71.550003,71.779999,7292800,29.638928
"2008-05-19",72.5,72.75,71.870003,72.080002,8492600,29.762804
"2008-05-16",72.400002,72.849998,72,72.5,6690200,29.936227
"2008-05-15",71.779999,72.300003,71.269997,72.300003,9032800,29.853645
"2008-05-14",70.989998,71.769997,70.809998,71.599998,8330800,29.564604
"2008-05-13",71.050003,71.480003,70.709999,70.809998,9324600,29.238402
"2008-05-12",71.25,71.589996,70.75,71.010002,6306600,29.320986
"2008-05-09",71.269997,71.629997,71.089996,71.209999,7500200,29.403568
"2008-05-08",72.080002,72.389999,71.360001,71.690002,7469600,29.601768
"2008-05-07",73.370003,73.510002,71.839996,71.860001,8445000,29.671962
"2008-05-06",73.059998,73.559998,72.580002,73.370003,5295000,30.295463
"2008-05-05",73.720001,73.720001,73.040001,73.230003,5307000,30.237655
"2008-05-02",73.309998,73.949997,72.5,73.68,12315000,30.423465
"2008-05-01",71.879997,73.220001,71.339996,72.760002,14816000,30.043585
"2008-04-30",73.629997,74.199997,70.410004,70.699997,25013000,29.192981
"2008-04-29",76,77.080002,75.779999,75.779999,5941200,31.290582
"2008-04-28",75.959999,76.510002,75.849998,76.029999,6174000,31.393811
"2008-04-24",76.360001,77.150002,75.849998,76.410004,5538400,31.55072
"2008-04-23",76.980003,76.980003,75.959999,76.410004,4497400,31.55072
"2008-04-22",77.279999,77.309998,76,76.540001,4355800,31.604397
"2008-04-21",77.379997,77.68,77.25,77.459999,5113200,31.819112
"2008-04-18",78.839996,78.839996,77.199997,77.410004,6704600,31.798575
"2008-04-17",78.32,78.650002,77.639999,77.699997,4335800,31.917698
"2008-04-16",78.82,78.82,78.050003,78.290001,5998600,32.160061
"2008-04-15",78.629997,78.629997,77.709999,78.309998,3740800,32.168275
"2008-04-14",78,78.610001,77.940002,78.419998,3267000,32.213461
"2008-04-11",78,78.989998,77.860001,78,3793000,32.040934
"2008-04-10",78.489998,79.260002,78.379997,78.730003,5086200,32.340806
"2008-04-09",78.5,78.949997,78.099998,78.639999,3697000,32.303834
"2008-04-08",78.010002,78.580002,77.849998,78.400002,3378800,32.205247
"2008-04-07",79.309998,79.309998,77.779999,78.349998,5169000,32.184707
"2008-04-04",77.870003,79.400002,77.760002,78.889999,5369400,32.406529
"2008-04-03",77.900002,78.139999,77.580002,77.900002,3911400,31.999856
"2008-04-02",78.330002,78.75,77.699997,77.760002,6451400,31.942347
"2008-04-01",78.300003,78.470001,77.639999,78.389999,5707800,32.201138
"2008-03-31",77.940002,78.169998,77.040001,77.910004,5186200,32.003965
"2008-03-28",78.25,78.5,77.900002,78.120003,3568200,32.090229
"2008-03-27",77.879997,78.07,77.230003,77.699997,4563600,31.917698
"2008-03-26",78.07,78.199997,77.309998,77.559998,4261400,31.860189
"2008-03-25",77.800003,78.43,77.110001,78.089996,4642400,32.077903
"2008-03-24",77.660004,77.910004,77.129997,77.620003,4187000,31.884838
"2008-03-20",77.379997,77.660004,76.849998,77.5,5673000,31.835543
"2008-03-19",78.099998,78.32,77.279999,77.279999,4983000,31.745171
"2008-03-18",77.059998,77.629997,76.410004,77.610001,5408000,31.88073
"2008-03-17",74.629997,77.050003,74.629997,76.660004,7001600,31.490489
"2008-03-13",75.529999,77.470001,75.529999,77.120003,5324800,31.679448
"2008-03-12",76.709999,77.110001,76.309998,76.43,3559000,31.396008
"2008-03-11",76.080002,76.43,75.199997,76.419998,5102200,31.391899
"2008-03-10",74.809998,75.989998,74.809998,75.190002,5614200,30.88664
"2008-03-07",75.449997,75.779999,74.559998,74.889999,5497800,30.763404
"2008-03-06",76.410004,76.599998,75.629997,75.699997,6212800,31.096136
"2008-03-05",77.470001,77.470001,75.889999,76.629997,4637200,31.478163
"2008-03-04",76,77.089996,76,76.940002,5967800,31.605507
"2008-03-03",76.150002,76.860001,75.989998,76.839996,3277000,31.564426
"2008-02-29",76.519997,77.589996,76,76.089996,3909600,31.25634
"2008-02-28",77.080002,77.669998,76.910004,77.220001,4490800,31.720525
"2008-02-27",76.669998,77.699997,76.669998,77.480003,5397600,31.827329
"2008-02-26",76.639999,77.309998,76.169998,76.980003,5210800,31.621939
"2008-02-25",76.370003,77.150002,76.120003,77.129997,3851400,31.683553
"2008-02-22",75.330002,76.400002,75.239998,76.18,4154200,31.293312
"2008-02-21",76.129997,76.230003,75.120003,75.169998,4142400,30.878422
"2008-02-20",74.419998,76.029999,74.360001,76.019997,5499600,31.227586
"2008-02-19",76.029999,76.18,74.550003,74.919998,5486400,30.775727
"2008-02-15",76.07,76.389999,75.129997,75.32,5199200,30.94004
"2008-02-14",77.389999,77.489998,76.120003,76.209999,4330000,31.305635
"2008-02-13",77.150002,77.150002,76.279999,77.110001,5315400,31.675339
"2008-02-12",75.919998,76.720001,75.360001,76.720001,4660600,31.515135
"2008-02-11",74.449997,75.620003,74.330002,75.610001,4161600,31.059167
"2008-02-08",75.360001,75.550003,74.230003,74.32,4292600,30.529259
"2008-02-07",74.160004,75.790001,74.160004,75.620003,6742800,31.063276
"2008-02-06",75.370003,75.870003,74.309998,74.459999,5173800,30.586768
"2008-02-05",75.010002,75.220001,73.889999,74.870003,7904600,30.75519
"2008-02-04",75.440002,75.889999,74.5,74.68,5376000,30.67714
"2008-02-01",76.870003,76.919998,75.150002,75.419998,8075000,30.981118
"2008-01-31",74.879997,77.209999,74.129997,76.5,11878000,31.424762
"2008-01-30",74.290001,74.989998,73.019997,73.5,5965600,30.192419
"2008-01-29",74.699997,74.989998,73.769997,74.040001,4790400,30.414241
"2008-01-28",73.120003,74.68,73.120003,74.32,5714000,30.529259
"2008-01-25",75.120003,75.489998,73.459999,73.75,7556800,30.295114
"2008-01-24",75.510002,75.870003,74.339996,74.459999,7645800,30.586768
"2008-01-23",73.220001,75.519997,73.010002,75.379997,10327000,30.964686
"2008-01-22",73.129997,76.529999,72,74.949997,12495800,30.640169
"2008-01-18",77.660004,77.879997,75.660004,77,13300000,31.478227
"2008-01-17",78.779999,79.279999,77.139999,77.290001,8405400,31.596782
"2008-01-16",78.220001,79.940002,78.220001,78.709999,6995800,32.177288
"2008-01-15",78.540001,80.050003,78.330002,78.639999,8005000,32.148672
"2008-01-14",79.940002,80.099998,79.330002,79.370003,4767200,32.447103
"2008-01-11",80.32,80.459999,79.18,79.410004,8826800,32.463456
"2008-01-10",80.529999,81.629997,80.529999,80.900002,5372400,33.072579
"2008-01-09",79.849998,81.980003,79.849998,80.980003,7698600,33.105285
"2008-01-08",80,81.599998,79.260002,79.980003,8614400,32.696477
"2008-01-07",79.209999,80.110001,79.209999,79.970001,6082200,32.692388
"2008-01-04",77.389999,79.25,77.389999,78.779999,6706200,32.205905
"2008-01-03",77.440002,78.529999,77.339996,77.889999,3275800,31.842066
"2008-01-02",78,78.349998,76.860001,77.339996,4151800,31.61722
"2007-12-31",78.43,79.139999,77.959999,77.959999,2375000,31.870682
"2007-12-28",78.190002,79.089996,78.190002,78.739998,1836800,32.189552
"2007-12-27",78.660004,79.25,78.339996,78.510002,2143800,32.095528
"2007-12-26",78,79.18,78,78.989998,1757200,32.291754
"2007-12-24",79,79.32,78.279999,78.459999,1581000,32.075086
"2007-12-21",78.459999,79.410004,78.32,78.730003,5547000,32.185466
"2007-12-20",77.959999,78.510002,77.959999,78.370003,3243400,32.038295
"2007-12-19",78.190002,78.199997,77.489998,77.959999,5624000,31.870682
"2007-12-18",79.470001,79.470001,77.720001,77.800003,6664600,31.805275
"2007-12-17",80.449997,80.900002,78.940002,79.059998,6334200,32.320371
"2007-12-14",80.339996,81.269997,80.099998,80.639999,5126000,32.966288
"2007-12-13",79.57,80.739998,79.529999,80.389999,3993800,32.864086
"2007-12-12",80.25,80.32,78.970001,79.800003,5539200,32.622891
"2007-12-11",78.82,79.599998,78.449997,79.050003,5874400,32.316285
"2007-12-10",79.870003,80.110001,78.860001,78.860001,4604600,32.23861
"2007-12-06",79.190002,79.709999,78.989998,79.480003,4721200,32.492072
"2007-12-05",79.82,79.989998,79,79.220001,6228400,32.385782
"2007-12-04",79.730003,80.129997,78.690002,79.040001,9703400,32.312196
"2007-12-03",80,80.589996,79.349998,80.050003,5918400,32.725093
"2007-11-30",81,81,79.339996,80.080002,12290200,32.737357
"2007-11-29",80,80.18,79,80.150002,5051000,32.765973
"2007-11-28",78.910004,80,78.269997,79.739998,7651800,32.59836
"2007-11-27",78.699997,79.300003,78.230003,79.150002,6445600,32.357165
"2007-11-26",79,79.720001,78.220001,78.220001,5513000,31.976973
"2007-11-23",78.389999,79.260002,78.389999,79,2712400,32.295843
"2007-11-21",78.279999,79.93,77.93,78.029999,8023000,31.899299
"2007-11-20",77.459999,79.400002,77.459999,78.870003,9569800,32.242699
"2007-11-19",78.860001,78.860001,77.309998,77.489998,8075000,31.678542
"2007-11-16",78.32,79.050003,77.900002,78.800003,7075000,32.214083
"2007-11-15",77.970001,78.660004,77.599998,77.900002,4768600,31.846155
"2007-11-14",78,79.019997,77.050003,78.120003,8137800,31.936093
"2007-11-13",77.269997,77.599998,75.949997,77.5,5515600,31.682631
"2007-11-12",76.510002,77.580002,76.18,76.779999,6894600,31.388289
"2007-11-09",75.43,77.099998,75.050003,76.510002,6883200,31.277912
"2007-11-08",76.07,76.07,74.470001,76.019997,7059000,31.077594
"2007-11-06",75.440002,75.860001,75.050003,75.519997,4752400,30.87319
"2007-11-05",74.760002,75.699997,74.07,75.370003,5425600,30.811871
"2007-11-02",75.849998,76.120003,73.849998,74.720001,6282800,30.546145
"2007-11-01",75.629997,75.980003,74.419998,74.519997,5966200,30.464381
"2007-10-31",75.379997,76.269997,74.75,76.269997,6567800,31.179796
"2007-10-30",74,76.389999,73.309998,75.260002,12118600,30.766902
"2007-10-29",74.010002,74.699997,73.610001,74.260002,5138600,30.358093
"2007-10-26",74.269997,74.43,73.290001,73.949997,3752600,30.231361
"2007-10-25",73.839996,73.889999,73.190002,73.690002,5313800,30.125073
"2007-10-24",72.68,73.809998,72.629997,73.730003,6451800,30.141426
"2007-10-23",73.029999,73.419998,72.510002,73.209999,3991600,29.781673
"2007-10-22",71.300003,72.889999,71.269997,72.790001,3668000,29.610818
"2007-10-19",72.559998,73.190002,71.839996,71.839996,5218200,29.224359
"2007-10-18",72.730003,73,72.309998,72.860001,3355800,29.639294
"2007-10-17",73.349998,73.589996,72.669998,72.849998,4859800,29.635225
"2007-10-16",73.639999,73.760002,72.830002,73.290001,4480800,29.814217
"2007-10-15",74.449997,74.519997,73.32,73.660004,4994400,29.964734
"2007-10-12",73.5,74.489998,73.150002,74.339996,5370000,30.241353
"2007-10-11",73.050003,73.68,72.769997,73.599998,9430800,29.940324
"2007-10-10",72.860001,73.099998,72,72.769997,7857600,29.602681
"2007-10-09",72.300003,73,72.010002,72.860001,5384200,29.639294
"2007-10-08",72.18,72.400002,71.919998,72,3944400,29.289448
"2007-10-05",71.800003,72.309998,71.440002,72.129997,4766400,29.34233
"2007-10-04",71.379997,72.5,71.379997,71.720001,4172200,29.175545
"2007-10-03",71.949997,72.160004,71.190002,71.379997,3684000,29.037232
"2007-10-02",71.809998,72.389999,71.370003,72.309998,3973600,29.415554
"2007-10-01",71.699997,71.82,71.129997,71.559998,7214800,29.110456
"2007-09-28",71.400002,71.489998,70.910004,71.32,3913000,29.012825
"2007-09-27",71.650002,71.910004,71.139999,71.580002,4417400,29.118593
"2007-09-26",71,71.879997,70.650002,71.620003,5011800,29.134866
"2007-09-25",69.480003,70.910004,69.25,70.699997,6286800,28.760609
"2007-09-24",69.550003,69.940002,69.110001,69.669998,4773600,28.341608
"2007-09-21",70.480003,70.480003,69.699997,69.849998,5123800,28.414832
"2007-09-20",69.809998,70.470001,69.730003,69.900002,3586600,28.435173
"2007-09-18",68.400002,69.410004,68.25,69.110001,5100200,28.113802
"2007-09-17",67.559998,68.669998,67.540001,68.239998,4495800,27.759887
"2007-09-14",67.389999,68.239998,67.269997,68.029999,4368000,27.67446
"2007-09-13",68.410004,69.099998,67.269997,67.599998,5534400,27.499536
"2007-09-12",67.220001,68.389999,66.790001,68.150002,4619600,27.723277
"2007-09-11",66.889999,67.660004,66.419998,67.309998,4656200,27.381565
"2007-09-10",65.309998,67.050003,65.300003,66.690002,6455600,27.129352
"2007-09-07",65.43,66.230003,65.209999,65.43,4723000,26.616786
"2007-09-06",65.07,66.129997,65.07,66,3003800,26.84866
"2007-09-05",65.5,65.959999,65,65.370003,4182000,26.592379
"2007-09-04",66.25,66.389999,65.449997,65.889999,3528600,26.803912
"2007-08-31",66.279999,66.769997,65.830002,66.32,3417200,26.978836
"2007-08-30",65.839996,66.209999,65.639999,65.93,3027800,26.820185
"2007-08-29",65.550003,66.519997,65.510002,66.480003,3168600,27.043925
"2007-08-28",66.089996,66.239998,65.330002,65.339996,7645200,26.580172
"2007-08-27",67.209999,67.389999,66.150002,66.230003,2760400,26.942225
"2007-08-24",66.910004,67.5,66.510002,67.459999,2298000,27.442585
"2007-08-23",67.300003,67.300003,66.330002,66.68,3103600,27.125283
"2007-08-22",67,67.059998,66.099998,66.790001,3292000,27.170031
"2007-08-21",66.080002,66.599998,65.529999,66.379997,3431200,27.003243
"2007-08-20",67.129997,67.870003,66.050003,66.599998,5067400,27.092739
"2007-08-17",66.290001,67.379997,64.809998,67.370003,6679600,27.405975
"2007-08-16",64.550003,65.629997,63.75,65.440002,10346400,26.620855
"2007-08-15",65.309998,66.389999,64.730003,64.910004,6438000,26.405252
"2007-08-14",66.099998,66.260002,65.379997,65.449997,4459800,26.62492
"2007-08-13",67.300003,67.300003,65.559998,66.300003,6015400,26.970701
"2007-08-10",65.900002,67.349998,65.690002,66.949997,7152000,27.235117
"2007-08-09",66.669998,67.849998,66.470001,66.5,8344800,27.052059
"2007-08-08",68.690002,69.599998,67.519997,68.360001,5553400,27.808704
"2007-08-07",68.07,69.129997,66.940002,68.809998,7487800,27.991762
"2007-08-06",66.470001,67.870003,66.410004,67.849998,5341400,27.601236
"2007-08-03",67.900002,67.900002,66.129997,66.199997,7974200,26.930019
"2007-08-02",68.010002,68.089996,66.629997,67.25,6789800,27.357158
"2007-08-01",66.760002,67.550003,66.150002,67.290001,7164400,27.37343
"2007-07-31",68.739998,68.739998,65.989998,66,9104200,26.84866
"2007-07-30",68.889999,70.160004,67.18,67.400002,6734000,27.418178
"2007-07-27",68.870003,69.290001,68.220001,68.449997,8409200,27.845314
"2007-07-26",68.849998,69.889999,68.510002,68.790001,12762400,27.983627
"2007-07-25",69.709999,70.160004,68.129997,69.660004,10763400,28.337542
"2007-07-24",68.349998,69.360001,67.970001,68.25,7586600,27.763956
"2007-07-23",67.910004,68.970001,67.809998,68.68,4834600,27.938879
"2007-07-20",68.370003,68.739998,67.57,67.68,6288400,27.532081
"2007-07-19",67.849998,68.599998,67.709999,68.5,4506400,27.865655
"2007-07-18",67.769997,68.129997,67.339996,67.75,6275600,27.414109
"2007-07-17",68.550003,68.75,68.07,68.07,5183800,27.543592
"2007-07-16",68.190002,68.529999,68.029999,68.190002,4885800,27.59215
"2007-07-13",67.980003,68.75,67.93,68.449997,5591800,27.697353
"2007-07-12",67,68.370003,66.889999,68.339996,5538400,27.652843
"2007-07-11",65.5,66.989998,65.5,66.889999,4498600,27.066121
"2007-07-10",65.959999,66.25,65.68,65.769997,5391200,26.612928
"2007-07-09",66.099998,66.32,65.919998,66.209999,4619000,26.790969
"2007-07-06",66.050003,66.07,65.510002,66.010002,3300400,26.710043
"2007-07-05",66,66.139999,65.699997,66.050003,4479200,26.726228
"2007-07-03",65.400002,65.720001,65.290001,65.580002,3900200,26.536049
"2007-07-02",65.220001,65.559998,64.860001,65.150002,3654800,26.362055
"2007-06-29",65.370003,65.769997,64.459999,64.849998,4606600,26.240663
"2007-06-28",64.339996,65.480003,64.160004,65.360001,5541600,26.447028
"2007-06-27",64.669998,64.900002,64.410004,64.440002,5830400,26.074764
"2007-06-26",65.540001,65.550003,64.57,64.650002,7936400,26.159737
"2007-06-25",65.370003,66.059998,65.309998,65.410004,4836200,26.467261
"2007-06-22",65.980003,66.040001,65.059998,65.269997,8913800,26.41061
"2007-06-21",66.300003,66.599998,65.82,66.279999,5888600,26.819293
"2007-06-20",66.690002,67.040001,66.400002,66.400002,7606800,26.867851
"2007-06-19",66.18,66.18,65.559998,65.720001,3822000,26.592698
"2007-06-18",66.720001,66.790001,66.120003,66.379997,3221200,26.859756
"2007-06-15",66.970001,67.220001,66.379997,66.629997,6199800,26.960915
"2007-06-14",67.269997,67.419998,66.68,66.849998,4880400,27.049936
"2007-06-13",67.660004,67.790001,66.730003,67.459999,9809600,27.296764
"2007-06-11",66.519997,67.300003,66.360001,67.220001,4186000,27.199652
"2007-06-08",66.220001,66.769997,65.910004,66.690002,4357200,26.985195
"2007-06-07",66.25,66.489998,66,66.209999,5008600,26.790969
"2007-06-06",66.650002,67.050003,66.300003,66.410004,4361600,26.871898
"2007-06-05",67.480003,67.550003,66.849998,66.900002,4644400,27.070169
"2007-06-04",67.099998,67.379997,66.870003,67.269997,3051600,27.219882
"2007-05-31",66.919998,67.129997,66.510002,66.959999,5966600,27.094446
"2007-05-30",66.580002,66.919998,66.379997,66.919998,6017000,27.07826
"2007-05-29",66.449997,67,66.349998,66.830002,3113000,27.041844
"2007-05-25",66.720001,67,66.519997,66.57,3763600,26.936638
"2007-05-24",66.980003,67.010002,66.389999,66.440002,4787400,26.884036
"2007-05-23",66.970001,67.120003,66.25,66.830002,5803800,27.041844
"2007-05-22",66.949997,67.07,66.639999,66.949997,3123200,27.090399
"2007-05-21",67.32,67.32,66.529999,67.029999,5068000,27.12277
"2007-05-18",67.489998,67.5,67,67.300003,3574800,27.232024
"2007-05-17",67.720001,67.779999,67,67.410004,3970000,27.276534
"2007-05-16",66.449997,67.519997,66.330002,67.519997,4973000,27.321041
"2007-05-15",66.400002,66.870003,66.260002,66.339996,4764400,26.84357
"2007-05-14",67.010002,67.019997,66.129997,66.209999,6198200,26.790969
"2007-05-11",67.309998,67.419998,66.650002,66.959999,3814200,27.094446
"2007-05-10",67.800003,67.860001,67.120003,67.120003,4552200,27.159189
"2007-05-09",67.400002,68,67.029999,67.839996,3296400,27.450525
"2007-05-08",67.25,67.849998,67.160004,67.5,4620000,27.31295
"2007-05-07",67.919998,68.199997,67.360001,67.419998,6238400,27.280578
"2007-05-04",67.5,68.190002,67.239998,68.150002,5560600,27.575964
"2007-05-03",68.029999,68.120003,67.129997,67.459999,5982000,27.296764
"2007-05-02",68.25,68.75,67.739998,68,4722000,27.515268
"2007-05-01",67.849998,68.110001,67.199997,68.099998,4810800,27.555731
"2007-04-30",67.5,67.779999,67.199997,67.739998,6271600,27.410062
"2007-04-27",66.410004,67.239998,66.32,67.040001,5057200,27.126817
"2007-04-26",67.190002,67.379997,66.510002,66.559998,7773200,26.932591
"2007-04-25",68.599998,68.989998,67.080002,67.440002,6581200,27.288673
"2007-04-24",67.900002,68.139999,66.809998,67.919998,5380600,27.482896
"2007-04-23",67.400002,67.400002,66.900002,67.059998,2272200,27.134909
"2007-04-20",66.730003,67.300003,66.57,67.290001,3754200,27.227977
"2007-04-19",67.589996,67.589996,66.5,67,4226800,26.964964
"2007-04-18",67,67.519997,66.449997,66.739998,3096400,26.860323
"2007-04-17",66.110001,66.75,65.980003,66.669998,3682200,26.832151
"2007-04-16",66.370003,66.5,65.970001,66.199997,4508600,26.642993
"2007-04-13",66.290001,66.599998,66.169998,66.410004,3616800,26.727513
"2007-04-12",65.75,66.349998,65.510002,66.339996,3005200,26.699338
"2007-04-11",65.800003,65.900002,65.410004,65.889999,3860200,26.518231
"2007-04-10",66.650002,66.910004,65.760002,65.970001,4631200,26.550429
"2007-04-09",66.650002,66.75,66.410004,66.709999,3335400,26.84825
"2007-04-05",66.239998,66.68,66.050003,66.629997,2376600,26.816052
"2007-04-04",66.220001,66.300003,66.010002,66.18,2780400,26.634946
"2007-04-03",66.449997,66.57,65.919998,66.019997,3891200,26.57055
"2007-04-02",66.709999,67.019997,65.970001,66.059998,4609200,26.586649
"2007-03-30",66.919998,67.379997,66.269997,66.790001,3509400,26.880448
"2007-03-29",67.050003,67.080002,66.57,66.839996,3706600,26.900569
"2007-03-28",66.339996,66.980003,66.080002,66.879997,3885800,26.916668
"2007-03-27",66.720001,66.790001,66.260002,66.470001,2728000,26.75166
"2007-03-26",67.190002,67.190002,66.260002,66.940002,2748200,26.940818
"2007-03-23",67,67.18,66.75,67.120003,2764400,27.013261
"2007-03-22",67.68,67.68,65.959999,67.050003,3364000,26.985089
"2007-03-21",65.93,66.870003,65.519997,66.809998,3109200,26.888496
"2007-03-19",65.120003,65.809998,65.059998,65.379997,3244600,26.312975
"2007-03-16",65.419998,65.470001,64.849998,65.099998,4823000,26.200286
"2007-03-15",65.379997,65.620003,65.019997,65.260002,4366800,26.264681
"2007-03-14",66,66.150002,64.870003,65.330002,6446400,26.292853
"2007-03-12",66.629997,66.790001,66.330002,66.599998,2715000,26.803979
"2007-03-09",66.230003,66.760002,66.099998,66.629997,3331800,26.816052
"2007-03-08",65.800003,66.300003,65.709999,66.230003,3590200,26.65507
"2007-03-07",66.620003,66.620003,65.870003,65.870003,5254200,26.510183
"2007-03-06",66.809998,67,66.300003,66.589996,4574600,26.799953
"2007-03-05",66.400002,67.07,66.25,66.599998,4862800,26.803979
"2007-03-02",66.870003,67.059998,66.510002,66.650002,4891200,26.824103
"2007-03-01",66.360001,67.239998,65.870003,66.93,4852000,26.936792
"2007-02-28",67.290001,68.230003,67.050003,67.410004,5933200,27.129975
"2007-02-27",68.379997,69,66.75,67.339996,8682200,27.1018
"2007-02-26",68.529999,68.760002,68.040001,68.470001,2831800,27.556584
"2007-02-23",68.190002,68.440002,67.739998,68.330002,2630600,27.50024
"2007-02-22",68.199997,68.410004,67.940002,68.360001,2997600,27.512313
"2007-02-21",68.57,68.720001,68.480003,68.5,2499800,27.568658
"2007-02-20",68.449997,68.989998,68.040001,68.870003,3328400,27.71757
"2007-02-16",68.669998,68.870003,68.150002,68.760002,4235600,27.673299
"2007-02-15",68.089996,68.129997,67.589996,67.910004,3063600,27.331206
"2007-02-14",67.510002,67.970001,67.349998,67.900002,3465400,27.327181
"2007-02-13",66.830002,67.629997,66.830002,67.559998,3699400,27.190342
"2007-02-12",67.169998,67.300003,66.870003,66.910004,3046000,26.928744
"2007-02-09",67.18,67.400002,66.669998,66.919998,3514800,26.932767
"2007-02-08",67.150002,67.370003,66.769997,67.029999,3133800,26.977038
"2007-02-07",67.150002,67.419998,66.879997,67,3267200,26.964964
"2007-02-06",67.239998,67.730003,66.809998,66.989998,5123200,26.960939
"2007-02-05",67.529999,67.589996,66.959999,67.489998,3623200,27.16217
"2007-02-02",67.900002,68.110001,67.5,67.739998,4740400,27.262785
"2007-02-01",68.239998,68.260002,67.690002,68.110001,5019600,27.411698
"2007-01-31",67.709999,68.559998,67.410004,68.300003,6510400,27.488166
"2007-01-30",66.519997,67.550003,66,67.419998,8629200,27.133998
"2007-01-29",66.199997,67.059998,66.199997,66.709999,6465800,26.84825
"2007-01-26",66.050003,66.279999,65.629997,66.18,3357000,26.634946
"2007-01-25",66.099998,66.339996,65.809998,66,5411600,26.562502
"2007-01-24",66.139999,66.519997,66,66.489998,3126200,26.759708
"2007-01-23",66.269997,66.540001,65.919998,66.32,2760400,26.562502
"2007-01-22",66.900002,67.160004,65.860001,66.519997,3742200,26.642605
"2007-01-19",66.550003,66.849998,66.239998,66.849998,2695000,26.774777
"2007-01-18",66.510002,66.82,66.230003,66.480003,2710800,26.626587
"2007-01-17",66.610001,66.959999,66.220001,66.550003,5280000,26.654623
"2007-01-16",67.739998,68.029999,66.75,66.860001,2985000,26.778783
"2007-01-12",66.290001,67.019997,65.959999,66.839996,3438800,26.770771
"2007-01-11",66.040001,66.449997,65.839996,66.300003,2874600,26.554493
"2007-01-10",65.550003,66.220001,65.400002,66.040001,3155800,26.450357
"2007-01-09",66.050003,66.309998,65.43,65.68,4146800,26.306169
"2007-01-08",65.360001,65.839996,65.139999,65.709999,4049600,26.318184
"2007-01-05",65.75,65.900002,65.339996,65.459999,3619200,26.218054
"2007-01-03",65.949997,66.139999,65.419998,65.68,3206600,26.306169
"2006-12-29",65.720001,65.870003,65.139999,65.239998,2344600,26.129939
"2006-12-28",65.230003,65.779999,65.080002,65.709999,1816600,26.318184
"2006-12-27",65.25,65.32,64.75,65.040001,2289200,26.049836
"2006-12-26",64.650002,65.120003,64.540001,65,1923200,26.033815
"2006-12-22",64.519997,64.800003,64.160004,64.589996,2563800,25.869601
"2006-12-21",65.150002,65.370003,64.410004,64.690002,3882400,25.909655
"2006-12-20",65.190002,65.440002,65.059998,65.169998,3989800,26.101903
"2006-12-19",65.099998,65.279999,64.830002,65.089996,4122000,26.069861
"2006-12-18",65.089996,65.400002,65.010002,65.190002,2514200,26.109915
"2006-12-15",65.449997,65.620003,65.300003,65.330002,4455600,26.165988
"2006-12-14",65.779999,66.019997,65.489998,65.699997,3119200,26.314178
"2006-12-13",65.980003,66.129997,65.169998,65.559998,2518400,26.258106
"2006-12-12",65.980003,65.989998,65.519997,65.690002,3156800,26.310175
"2006-12-11",65.660004,65.910004,65.470001,65.889999,2108800,26.390278
"2006-12-08",65.650002,65.699997,65.050003,65.599998,1798800,26.274127
"2006-12-07",65.699997,66.139999,65.529999,65.629997,1676600,26.286142
"2006-12-06",65.589996,65.919998,65.510002,65.860001,2638400,26.378263
"2006-12-05",66.279999,66.480003,65.510002,65.580002,3185200,26.266118
"2006-12-04",65.5,66.239998,65.489998,66.239998,2777200,26.53046
"2006-12-01",65.199997,65.400002,64.650002,65.360001,3178600,26.178003
"2006-11-30",65.349998,65.470001,64.830002,65.050003,3165200,26.053843
"2006-11-29",65,65.209999,64.510002,65.139999,2505800,26.089888
"2006-11-28",65.580002,65.580002,64.510002,65.080002,3142000,26.065858
"2006-11-27",65.629997,65.720001,64.739998,65.010002,4282600,26.037821
"2006-11-24",66.300003,66.519997,65.5,65.970001,1955400,26.42232
"2006-11-22",66.239998,66.800003,66.080002,66.739998,3224800,26.73072
"2006-11-21",65.849998,67.080002,65.849998,66.830002,5692800,26.766768
"2006-11-20",66.82,66.919998,65.410004,65.980003,5786600,26.426326
"2006-11-17",65.470001,66.010002,65.290001,66.010002,3835400,26.438342
"2006-11-16",64.550003,65.800003,64.449997,65.650002,3948800,26.294154
"2006-11-15",64.519997,64.75,64.089996,64.32,5195000,25.761461
"2006-11-14",65,65.110001,64.300003,64.730003,4229000,25.925676
"2006-11-13",65.120003,65.220001,64.669998,64.870003,2800400,25.981749
"2006-11-10",65.220001,65.349998,64.809998,65.239998,2165200,26.129939
"2006-11-09",65.199997,65.199997,64.529999,65.050003,2806600,26.053843
"2006-11-08",65,65.07,64.639999,65,5107400,26.033815
"2006-11-07",64.199997,65,64.050003,65,4441600,26.033815
"2006-11-06",63.799999,64.199997,63.709999,64.059998,3409400,25.657325
"2006-11-03",63.669998,63.970001,63.32,63.669998,2985400,25.501123
"2006-11-02",63.900002,64.080002,63.32,63.560001,3334200,25.457067
"2006-11-01",64.220001,64.230003,63.66,64.010002,3078400,25.637301
"2006-10-31",63.490002,64.07,63.32,63.970001,4976200,25.62128
"2006-10-30",63.220001,63.880001,63.169998,63.799999,3681800,25.553191
"2006-10-27",62.779999,63.57,62.73,63.310001,5045200,25.356937
"2006-10-26",62.799999,62.990002,62.009998,62.779999,6323200,25.14466
"2006-10-25",61.75,62.720001,61.529999,62.169998,8936600,24.900342
"2006-10-24",60.150002,60.68,60,60.470001,5002800,24.219459
"2006-10-23",60.68,60.720001,60.150002,60.310001,4678000,24.155376
"2006-10-20",60.299999,60.860001,60.18,60.740002,6463000,24.3276
"2006-10-19",60.349998,60.68,60.220001,60.23,5113200,23.995167
"2006-10-18",60,60.709999,59.939999,60.419998,5037400,24.070861
"2006-10-17",59.790001,60.029999,59.349998,59.790001,6189800,23.819875
"2006-10-16",60.400002,60.470001,59.990002,60.09,6898600,23.939393
"2006-10-13",61.310001,61.369999,60.779999,60.799999,4668400,24.222251
"2006-10-12",62.200001,62.200001,61.150002,61.48,5364800,24.493158
"2006-10-11",62.009998,62.599998,61.740002,62.029999,3788600,24.712273
"2006-10-10",62.650002,62.75,62.09,62.25,3274800,24.79992
"2006-10-09",62.25,62.689999,62.009998,62.619999,2718400,24.947325
"2006-10-06",62.700001,63,62.41,62.650002,2935400,24.959278
"2006-10-05",62.25,62.950001,62.209999,62.889999,4472200,25.054891
"2006-10-04",61.900002,62.509998,61.799999,62.400002,6487400,24.859679
"2006-10-03",62.200001,62.43,61.919998,62.060001,3125400,24.724226
"2006-10-02",62.299999,62.490002,61.75,62.41,2727600,24.863663
"2006-09-29",62.419998,62.740002,61.889999,62.099998,4343800,24.740161
"2006-09-28",62.099998,62.599998,61.869999,62.57,2640200,24.927405
"2006-09-27",62.130001,62.349998,61.91,62.040001,4265000,24.716258
"2006-09-26",62.16,62.900002,62.049999,62.360001,4371200,24.843743
"2006-09-25",62.099998,62.299999,61.77,62.209999,3346800,24.783984
"2006-09-22",61.700001,61.939999,61.400002,61.599998,2792800,24.540964
"2006-09-21",62.139999,62.439999,61.509998,61.75,3024600,24.600724
"2006-09-20",61.799999,62.220001,61.549999,61.849998,2223400,24.640563
"2006-09-19",61.75,62,61.5,61.84,1842400,24.636579
"2006-09-18",62.349998,62.349998,61.77,61.919998,2189200,24.66845
"2006-09-15",61.900002,62.279999,61.68,62.139999,4689000,24.756097
"2006-09-14",60.799999,61.860001,60.580002,61.779999,4013800,24.612675
"2006-09-13",61.889999,62.049999,60.91,61.259998,6060200,24.405511
"2006-09-12",62.099998,62.490002,61.939999,62.299999,4765000,24.819839
"2006-09-11",60.700001,62.060001,60.700001,62.049999,5047600,24.720241
"2006-09-08",60.860001,61.220001,60.560001,60.759998,2772400,24.206315
"2006-09-07",61.27,61.700001,60.619999,60.68,4904400,24.174444
"2006-09-06",60.650002,61.41,60.490002,61.330002,3958200,24.4334
"2006-09-05",60.75,60.939999,60.34,60.77,3187800,24.2103
"2006-08-31",59.529999,60.07,59.439999,59.860001,2771600,23.847763
"2006-08-30",59.299999,59.799999,59.119999,59.650002,2655600,23.764101
"2006-08-29",58.75,59.48,58.669998,59.450001,3311800,23.684422
"2006-08-28",58.950001,59.07,58.779999,58.889999,2575800,23.461322
"2006-08-25",58.91,59,58.450001,58.790001,2106000,23.421483
"2006-08-24",59.290001,59.450001,59.07,59.16,1819600,23.568888
"2006-08-23",58.860001,59.439999,58.799999,59.220001,2196400,23.592792
"2006-08-22",59.400002,59.540001,58.740002,58.889999,3068800,23.461322
"2006-08-21",59.220001,59.599998,59.07,59.259998,2532800,23.608726
"2006-08-18",59.080002,59.299999,58.84,59,2446000,23.505145
"2006-08-17",59.77,59.77,58.689999,59.02,6150600,23.513113
"2006-08-16",59.900002,60.09,59.57,59.77,3899000,23.811907
"2006-08-15",60.299999,60.450001,59.91,60.099998,3008400,23.943376
"2006-08-14",60.049999,60.18,59.580002,59.66,2680800,23.768084
"2006-08-11",59.599998,59.740002,59.009998,59.509998,3201600,23.708325
"2006-08-10",59.110001,60.09,59.029999,59.790001,3856400,23.819875
"2006-08-09",59.049999,59.650002,58.860001,58.990002,3333400,23.501162
"2006-08-08",59.119999,59.360001,58.650002,58.91,4502400,23.46929
"2006-08-07",58.689999,59.060001,58.5,59,4233000,23.505145
"2006-08-04",58.299999,58.599998,58.009998,58.439999,4852000,23.282045
"2006-08-03",58.849998,59.240002,58.200001,58.220001,5359000,23.1944
"2006-08-02",58.310001,59.240002,58.049999,59,4511800,23.505145
"2006-08-01",59.119999,59.18,58.220001,58.529999,4370400,23.3179
"2006-07-31",59.419998,59.93,59.220001,59.32,3745600,23.632631
"2006-07-28",59.200001,59.939999,58.98,59.669998,3376600,23.772067
"2006-07-27",59.549999,59.75,58.639999,58.919998,5336000,23.473273
"2006-07-26",59.799999,60.130001,59.200001,59.450001,6218400,23.684422
"2006-07-25",61.299999,61.450001,60.009998,60.650002,7165200,24.162493
"2006-07-24",61.990002,62.400002,61.990002,62.09,3559000,24.736177
"2006-07-21",62.950001,63.16,61.919998,62.07,4261600,24.600723
"2006-07-20",62.080002,62.709999,61.610001,62.450001,3134200,24.751332
"2006-07-19",61.099998,62.509998,60.959999,62.27,3489200,24.679991
"2006-07-18",61.080002,61.080002,60.32,60.869999,3346400,24.125116
"2006-07-17",60.950001,61.310001,60.73,60.880001,3821400,24.129081
"2006-07-14",61.32,61.32,60.41,61.009998,3139800,24.180603
"2006-07-13",60.939999,61.970001,60.889999,61.599998,3330800,24.414443
"2006-07-12",61.75,61.849998,61.220001,61.419998,2477400,24.343102
"2006-07-11",61.5,61.759998,61.209999,61.639999,1932800,24.430297
"2006-07-10",60.900002,61.759998,60.900002,61.619999,2051400,24.42237
"2006-07-07",60.759998,61.200001,60.759998,60.880001,3195800,24.129081
"2006-07-06",59.900002,61.060001,59.860001,61.029999,4462200,24.18853
"2006-07-05",59.82,59.93,58.91,59.77,4898400,23.689145
"2006-07-03",59.27,59.970001,59.27,59.880001,1909000,23.732742
"2006-06-30",60.299999,60.32,59.75,59.900002,4765200,23.740669
"2006-06-29",59.299999,60.259998,59.240002,60.150002,4018400,23.839754
"2006-06-28",59.900002,59.98,58.459999,59.34,5662200,23.518719
"2006-06-27",60.099998,60.209999,59.700001,60.130001,5811600,23.831827
"2006-06-26",60.060001,60.439999,59.93,60.209999,4068000,23.863533
"2006-06-23",60,60.48,59.939999,60.07,2308200,23.808046
"2006-06-22",60.400002,60.400002,59.849998,60.299999,3118400,23.899204
"2006-06-21",60.470001,60.630001,60.119999,60.34,4772200,23.915058
"2006-06-20",60.330002,60.650002,60.09,60.169998,4821400,23.847679
"2006-06-19",60.689999,60.889999,60.009998,60.360001,3947800,23.922984
"2006-06-16",60.400002,61.27,60.34,60.689999,6999200,24.053775
"2006-06-15",60.110001,60.630001,59.599998,60.25,6765800,23.879387
"2006-06-14",61.299999,61.439999,59.75,60.349998,7676800,23.91902
"2006-06-13",61.25,61.939999,60.82,61.400002,5419600,24.335177
"2006-06-12",61.599998,62.32,61.299999,61.32,6605200,24.303469
"2006-06-09",61.07,61.720001,61,61.509998,5932800,24.378773
"2006-06-08",60.599998,61.099998,60.32,61.07,7099600,24.204384
"2006-06-07",60.419998,61,60.259998,60.73,5092400,24.069629
"2006-06-06",59.599998,60.259998,59.509998,60.209999,4250800,23.863533
"2006-06-05",60,60.459999,59.470001,59.59,3392800,23.617804
"2006-06-02",61,61,59.709999,60.220001,3433600,23.867497
"2006-06-01",60.220001,60.77,60.049999,60.77,2894200,24.085483
"2006-05-31",60.23,60.490002,60.02,60.34,3581200,23.915058
"2006-05-30",60.200001,60.779999,60.029999,60.23,3398400,23.87146
"2006-05-26",60.099998,60.869999,60,60.73,3424200,24.069629
"2006-05-25",59.779999,60.049999,59.610001,59.950001,2931600,23.760486
"2006-05-24",59.52,60.060001,59.189999,59.790001,7402200,23.697072
"2006-05-23",60.02,60.389999,59.389999,59.43,4212200,23.55439
"2006-05-22",59.48,60.369999,59.470001,59.990002,4480600,23.77634
"2006-05-19",60.07,60.119999,59.049999,59.470001,6841200,23.570244
"2006-05-18",60.299999,60.799999,59.830002,60.099998,9518800,23.819936
"2006-05-17",60.599998,62.110001,60.549999,60.98,16189000,24.168714
"2006-05-16",60.220001,60.900002,59.939999,60.599998,8269800,24.018105
"2006-05-15",59.099998,59.669998,58.810001,59.650002,4728200,23.641585
"2006-05-12",59.130001,59.580002,59.02,59.240002,5469600,23.479086
"2006-05-11",59.470001,59.529999,58.470001,59.07,4771800,23.411708
"2006-05-10",59.900002,59.959999,59.400002,59.490002,4040800,23.578171
"2006-05-09",60.619999,60.93,59.459999,60.07,3943000,23.808046
"2006-05-08",60.150002,61,60.150002,60.810001,4341400,24.101337
"2006-05-05",59.790001,60.619999,59.400002,60.330002,4498600,23.911095
"2006-05-04",59.099998,60,59.099998,59.790001,4144600,23.697072
"2006-05-03",58.939999,59.459999,58.279999,59.349998,4061800,23.522682
"2006-05-02",58.950001,59.689999,58.889999,59.380001,4697200,23.534573
"2006-05-01",59.25,59.400002,58.580002,58.75,4354800,23.284879
"2006-04-28",59.049999,59.279999,58.599998,59.119999,6421000,23.431524
"2006-04-27",59.740002,59.740002,58.889999,59.439999,6648400,23.558352
"2006-04-26",58.049999,59.27,58,58.950001,7632200,23.364147
"2006-04-25",57.599998,57.900002,57.25,57.349998,4341400,22.730005
"2006-04-24",57.09,57.93,57.029999,57.34,3609600,22.726042
"2006-04-21",57.299999,57.34,56.549999,56.860001,3435600,22.5358
"2006-04-20",56.610001,57.450001,56.610001,56.939999,3480800,22.567506
"2006-04-19",56.669998,57,56.439999,56.93,2424400,22.436716
"2006-04-18",56.279999,56.82,56.200001,56.740002,3049200,22.361836
"2006-04-17",56.5,56.720001,56,56.259998,2929600,22.172661
"2006-04-13",56.400002,56.720001,56.209999,56.599998,3192600,22.306659
"2006-04-12",57.200001,57.400002,56.82,56.880001,2542800,22.417011
"2006-04-11",57.549999,57.720001,56.810001,57.060001,4133600,22.487951
"2006-04-10",57.299999,57.91,57.150002,57.799999,2217400,22.779592
"2006-04-07",58.029999,58.110001,57.470001,57.549999,3163800,22.681064
"2006-04-06",57.98,58.169998,57.700001,58.029999,2677200,22.870237
"2006-04-05",58,58.16,57.720001,57.98,3392200,22.850532
"2006-04-04",58.099998,58.130001,57.59,57.869999,3564400,22.807179
"2006-04-03",57.5,58.439999,57.310001,57.830002,4444200,22.791416
"2006-03-31",58.02,58.200001,57.099998,57.099998,5275000,22.503714
"2006-03-30",57.41,58.41,57.200001,58.279999,4910400,22.968765
"2006-03-29",57.459999,57.990002,57.02,57.66,4686600,22.724417
"2006-03-28",58,58,57.099998,57.209999,4380400,22.547067
"2006-03-27",57.869999,58.099998,57.619999,57.77,2576600,22.767769
"2006-03-24",57.299999,57.810001,57.029999,57.799999,3625400,22.779592
"2006-03-23",57.799999,57.849998,56.900002,57.34,3403400,22.598301
"2006-03-22",56.889999,58.09,56.889999,58.02,3318200,22.866297
"2006-03-21",57,57.889999,57,57.580002,4153600,22.692889
"2006-03-20",56.939999,57.09,56.810001,57,3082400,22.464304
"2006-03-17",56.880001,56.889999,56.369999,56.689999,3994200,22.342129
"2006-03-16",56.700001,57.080002,56.310001,56.650002,5665800,22.326366
"2006-03-15",56.650002,57.169998,56.580002,56.669998,4101400,22.334246
"2006-03-14",57.32,57.34,56.419998,56.650002,9052000,22.326366
"2006-03-13",58,58.290001,57.68,57.810001,3917600,22.783534
"2006-03-10",57.5,58,57.150002,57.720001,5021400,22.748064
"2006-03-09",56.25,57.669998,56.02,57.279999,8716800,22.574654
"2006-03-08",54.75,56.560001,54.720001,56.540001,7145400,22.283013
"2006-03-07",54.07,54.849998,54.02,54.639999,2993200,21.534202
"2006-03-06",54.73,54.98,54.119999,54.299999,2400800,21.400205
"2006-03-03",54.360001,55.290001,54.34,54.860001,2738400,21.620907
"2006-03-01",54.68,54.950001,54.490002,54.77,2252600,21.585437
"2006-02-28",55.299999,55.740002,54.450001,54.48,3622800,21.471145
"2006-02-27",54.369999,55.529999,54.299999,55.43,3451800,21.84555
"2006-02-24",54.799999,55,54.5,54.619999,3006600,21.52632
"2006-02-23",54.349998,54.990002,54.25,54.650002,2954600,21.538144
"2006-02-22",54.169998,54.98,54.02,54.57,2921000,21.506615
"2006-02-21",54.5,54.59,54.23,54.32,2740000,21.408087
"2006-02-17",54.77,54.900002,54.5,54.799999,3213800,21.59726
"2006-02-16",54.5,54.810001,54.349998,54.810001,2445400,21.601202
"2006-02-15",54.27,54.599998,53.709999,54.509998,3252200,21.482968
"2006-02-14",54.16,54.450001,54,54.25,2721600,21.3805
"2006-02-13",54,54.130001,53.700001,54.09,2370400,21.317442
"2006-02-10",53.849998,54.279999,53.759998,54.02,2953000,21.289854
"2006-02-09",53.68,54.27,53.639999,53.759998,3074400,21.187385
"2006-02-08",53.720001,54.18,53.560001,53.880001,2634000,21.234679
"2006-02-07",54,54.099998,53.59,53.82,3252200,21.211032
"2006-02-06",54.200001,54.389999,53.990002,54.150002,2830400,21.341089
"2006-02-03",54.450001,54.889999,54.330002,54.540001,2999000,21.494792
"2006-02-02",55.299999,55.299999,54.779999,54.84,4866200,21.613025
"2006-02-01",54.799999,55.419998,54.799999,55.299999,4047800,21.794315
"2006-01-31",55,55.18,54.439999,54.889999,7559200,21.63273
"2006-01-30",56.07,56.099998,55.299999,55.349998,3842600,21.814021
"2006-01-27",56,56.099998,55.099998,55.990002,6117400,22.066253
"2006-01-26",55.779999,55.799999,54.389999,54.610001,6338600,21.52238
"2006-01-25",54.740002,55.799999,54.66,55.650002,8615000,21.932255
"2006-01-24",53.720001,54.080002,53.41,53.75,3732800,21.183444
"2006-01-23",53.900002,54.290001,53.630001,53.919998,4680400,21.13615
"2006-01-20",54.849998,54.939999,53.52,53.700001,8190400,21.049913
"2006-01-19",54.75,55.099998,54.5,55.009998,5214600,21.56342
"2006-01-18",54.369999,54.610001,54.119999,54.52,2934000,21.371346
"2006-01-17",54.720001,54.860001,54.41,54.490002,2697200,21.359586
"2006-01-13",54.380001,55,54.330002,54.75,2844600,21.461503
"2006-01-12",54.650002,54.650002,54.099998,54.25,4095400,21.265508
"2006-01-11",54.849998,55.169998,54.549999,54.68,5182600,21.434064
"2006-01-10",55.16,55.310001,54.810001,54.91,4161800,21.524222
"2006-01-09",54.68,55.619999,54.619999,55.470001,3398600,21.743737
"2006-01-06",54.849998,55.07,54.580002,54.82,3814000,21.488943
"2006-01-05",55.709999,55.939999,54.700001,54.73,3866400,21.453663
"2006-01-04",54.84,55.66,54.830002,55.560001,3951600,21.779017
"2006-01-03",54.98,55.119999,54.509998,54.91,3674200,21.524222
"2005-12-30",54.939999,55.23,54.830002,54.849998,1948400,21.500702
"2005-12-29",55.450001,55.529999,55.09,55.299999,2426400,21.677098
"2005-12-28",54.889999,55.450001,54.790001,55.25,2769200,21.657499
"2005-12-27",55.459999,55.540001,54.970001,55.029999,1972200,21.57126
"2005-12-23",55.599998,55.650002,55.209999,55.5,1376400,21.755497
"2005-12-22",55.16,55.490002,55.009998,55.419998,2995400,21.724137
"2005-12-21",55.389999,55.759998,55.049999,55.25,3229200,21.657499
"2005-12-20",55.950001,56.060001,55.34,55.349998,3687800,21.696697
"2005-12-19",55.93,56.040001,55.369999,55.880001,3143200,21.904454
"2005-12-16",56.540001,57.150002,55.869999,55.939999,5266800,21.927972
"2005-12-15",56.200001,56.450001,55.5,56.389999,3204200,22.104368
"2005-12-14",56,56.610001,55.799999,56.25,4190600,22.04949
"2005-12-13",54.75,55.650002,54.73,55.650002,3796200,21.814296
"2005-12-12",54.959999,54.990002,54.5,54.869999,3476400,21.508542
"2005-12-09",55.200001,55.400002,54.849998,55.040001,2100600,21.575181
"2005-12-08",55.049999,55.509998,54.799999,55.259998,3427600,21.661418
"2005-12-07",55.459999,55.490002,54.630001,54.91,3795000,21.524222
"2005-12-06",55.389999,55.59,55.200001,55.529999,3633800,21.767256
"2005-12-05",54.970001,55.310001,54.900002,55.25,3710600,21.657499
"2005-12-02",54.900002,55.09,54.700001,54.959999,3287600,21.543821
"2005-12-01",54.700001,55.330002,54.700001,55.189999,4745600,21.633979
"2005-11-30",54.450001,54.970001,54.43,54.52,4390600,21.371346
"2005-11-29",54.299999,54.540001,54.080002,54.290001,3429800,21.281188
"2005-11-28",54.119999,54.59,53.900002,54.310001,4280000,21.289028
"2005-11-25",54.18,54.389999,54.049999,54.049999,1077200,21.187109
"2005-11-23",53.990002,54.099998,53.650002,54,2126600,21.16751
"2005-11-22",54.279999,54.400002,53.639999,53.869999,3237000,21.116551
"2005-11-21",53.950001,54.630001,53.799999,54.389999,3057000,21.320386
"2005-11-18",54.59,54.59,53.470001,53.860001,5701200,21.112632
"2005-11-17",53.560001,54.299999,53.459999,54.200001,3781000,21.245909
"2005-11-16",53.799999,53.799999,53.400002,53.599998,2622600,21.010713
"2005-11-15",53.52,53.75,53.150002,53.529999,2971400,20.983274
"2005-11-14",53.529999,53.880001,53.040001,53.169998,3162400,20.842157
"2005-11-11",53.630001,53.720001,53.310001,53.630001,2524800,21.022474
"2005-11-10",52.970001,53.75,52.939999,53.650002,3725400,21.030314
"2005-11-09",52.82,53.279999,52.700001,53.16,4498200,20.838238
"2005-11-08",51.66,52.869999,51.66,52.66,5274000,20.642242
"2005-11-07",51.950001,52.02,51.189999,51.970001,4898000,20.371769
"2005-11-04",51.700001,52.16,51.700001,51.849998,3724000,20.324729
"2005-11-03",52.299999,52.599998,51.75,52,6350200,20.383528
"2005-11-02",52.470001,52.810001,52.029999,52.290001,4223200,20.497206
"2005-11-01",53.25,53.59,52.110001,52.360001,5574200,20.524645
"2005-10-31",53.200001,53.400002,52.68,52.959999,6649200,20.759839
"2005-10-28",52.279999,53.139999,52.23,53.139999,4725600,20.830398
"2005-10-27",52.099998,52.279999,51.779999,52.080002,2631000,20.414888
"2005-10-26",52.099998,52.790001,52.09,52.150002,3386000,20.442328
"2005-10-25",52.48,52.889999,51.93,52.400002,2675000,20.540325
"2005-10-24",51.959999,52.5,51.82,52.5,2416800,20.579524
"2005-10-21",52.18,52.509998,51.630001,52.029999,3905600,20.28161
"2005-10-20",52.619999,52.889999,52.009998,52.09,2731600,20.304999
"2005-10-19",51.759998,52.68,51.700001,52.68,3405600,20.534985
"2005-10-18",52,52.400002,51.75,52.110001,2886200,20.312796
"2005-10-17",52.16,52.450001,51.82,52.389999,4067400,20.421941
"2005-10-14",51.779999,52.82,51.360001,52.400002,3785000,20.42584
"2005-10-13",51.709999,52.139999,51.57,51.779999,2980000,20.184159
"2005-10-12",51.700001,52.119999,51.650002,51.959999,4120800,20.254324
"2005-10-11",52.34,52.790001,52.07,52.139999,3238800,20.324489
"2005-10-10",52.5,52.790001,52.220001,52.259998,2982600,20.371266
"2005-10-07",52.450001,52.700001,51.98,52.639999,3394600,20.519392
"2005-10-06",52.59,52.950001,51.849998,52.200001,5154400,20.347878
"2005-10-05",52.66,52.98,52.41,52.41,4054000,20.429737
"2005-10-04",52.75,53.389999,52.200001,53.029999,5266600,20.671417
"2005-10-03",52.98,53.139999,52.419998,53,4713800,20.659723
"2005-09-30",52.43,52.810001,51.82,52.790001,3272200,20.577864
"2005-09-29",52.189999,52.810001,51.790001,52.560001,3728600,20.488209
"2005-09-28",51.959999,52.59,51.919998,52.369999,3183800,20.414145
"2005-09-27",51.290001,52.130001,51.259998,51.98,3496200,20.26212
"2005-09-26",52.299999,52.439999,51.189999,51.349998,3897200,20.016542
"2005-09-23",52.139999,52.349998,51.66,52.080002,2368000,20.301102
"2005-09-22",51.700001,52.110001,51.330002,51.970001,4094000,20.258223
"2005-09-21",52.240002,52.290001,51.740002,51.950001,4608000,20.250427
"2005-09-20",52.810001,53.049999,52.389999,52.59,3128000,20.499902
"2005-09-19",53.43,53.549999,52.509998,52.82,2328800,20.589558
"2005-09-16",53.200001,53.709999,52.75,53.619999,4585600,20.901402
"2005-09-15",52.650002,53.130001,52.389999,52.990002,2955800,20.655825
"2005-09-14",52.57,52.869999,52.32,52.549999,2829400,20.48431
"2005-09-13",52.75,52.91,52.400002,52.759998,3276400,20.566169
"2005-09-12",53.25,53.369999,52.91,53.099998,2329000,20.698703
"2005-09-09",53.599998,53.700001,53.27,53.34,2615800,20.792257
"2005-09-08",53.200001,53.77,53.139999,53.400002,4409000,20.815646
"2005-09-07",53.599998,54.299999,53.560001,54.060001,5519800,21.072918
"2005-09-06",53.18,53.639999,53,53.509998,4504400,20.858523
"2005-09-02",52.700001,52.700001,52.25,52.490002,2467600,20.460922
"2005-09-01",52.549999,52.860001,52.16,52.639999,2779600,20.519392
"2005-08-31",52.41,52.59,52,52.5,3578600,20.46482
"2005-08-30",52.700001,52.740002,51.98,52.41,3629600,20.429737
"2005-08-29",51.950001,53,51.950001,52.84,2334200,20.597354
"2005-08-26",52.43,52.43,52.009998,52.169998,3266800,20.336183
"2005-08-25",52.59,52.630001,52.349998,52.470001,2413200,20.453126
"2005-08-24",52.959999,53.27,52.240002,52.650002,5822000,20.523291
"2005-08-23",52.450001,53.240002,52.400002,53.009998,4036000,20.66362
"2005-08-22",52.150002,52.639999,52.150002,52.41,3521200,20.429737
"2005-08-19",52.700001,52.700001,52.119999,52.119999,3379600,20.316693
"2005-08-18",51.869999,53,51.849998,52.75,3597200,20.562271
"2005-08-17",52.299999,52.419998,51.849998,51.900002,2719400,20.230937
"2005-08-16",52.849998,52.970001,52.290001,52.380001,1746600,20.418044
"2005-08-15",52.869999,52.970001,52.599998,52.77,1995400,20.570068
"2005-08-12",52.599998,52.970001,52.310001,52.799999,3200200,20.581761
"2005-08-11",52.75,53,52.540001,52.700001,2888800,20.542781
"2005-08-10",52.970001,53.240002,52.369999,52.75,3381800,20.562271
"2005-08-09",52.73,52.779999,52.48,52.630001,2637400,20.515495
"2005-08-08",52.799999,52.91,52.41,52.580002,2409600,20.496005
"2005-08-05",52.400002,52.75,52.25,52.619999,2299600,20.511596
"2005-08-04",53.119999,53.119999,52.25,52.380001,3551800,20.418044
"2005-08-03",53.790001,53.790001,52.849998,53.119999,4168800,20.706499
"2005-08-02",53.029999,53.150002,52.57,52.939999,3945800,20.636334
"2005-08-01",53.150002,53.369999,52.700001,53.049999,3779800,20.679213
"2005-07-29",53.400002,53.48,52.900002,52.939999,4439000,20.636334
"2005-07-28",52.25,53.459999,52.16,53.299999,7042200,20.776664
"2005-07-27",52.049999,52.560001,52,52,6243200,20.269917
"2005-07-26",51.779999,52.23,51.68,51.75,4318200,20.172465
"2005-07-25",51.990002,51.990002,51.66,51.860001,2773000,20.215344
"2005-07-22",51.619999,52.02,51.299999,51.98,3528800,20.26212
"2005-07-21",51.419998,51.91,51.049999,51.849998,5047800,20.098401
"2005-07-20",51.349998,51.639999,50.900002,51.43,3046600,19.935599
"2005-07-19",51.700001,51.790001,51.23,51.43,2545000,19.935599
"2005-07-18",51.549999,51.91,51.459999,51.48,3592400,19.95498
"2005-07-15",51.18,51.599998,51.099998,51.549999,3507800,19.982113
"2005-07-14",51.189999,51.639999,51.099998,51.259998,3109800,19.869702
"2005-07-13",50.93,51.470001,50.900002,51.189999,3607000,19.842568
"2005-07-12",50.299999,51.18,50.299999,50.830002,3069800,19.703024
"2005-07-11",50.599998,50.77,50.169998,50.419998,3156800,19.544096
"2005-07-08",50.119999,50.48,49.779999,50.459999,3800200,19.559601
"2005-07-07",49.5,50.080002,49.049999,49.990002,6156200,19.377418
"2005-07-06",50.25,50.259998,49.5,49.549999,4903400,19.206862
"2005-07-05",49.900002,50.630001,49.73,50.369999,2903200,19.524715
"2005-07-01",50.139999,50.650002,49.93,50.049999,3393000,19.400675
"2005-06-30",50.900002,50.990002,49.889999,49.91,5119600,19.346407
"2005-06-29",50.57,51.07,50.57,50.869999,4197200,19.718528
"2005-06-28",50.32,50.98,50.150002,50.630001,4817000,19.625498
"2005-06-27",50.689999,50.689999,49.959999,50.150002,5025600,19.439438
"2005-06-24",51.400002,51.490002,50.310001,50.599998,6054600,19.613869
"2005-06-23",51.400002,51.470001,51.130001,51.349998,4745400,19.904588
"2005-06-22",51.25,51.360001,50.830002,51.200001,4416400,19.846445
"2005-06-21",50.650002,50.860001,50.279999,50.84,3817600,19.706899
"2005-06-20",49.849998,50.889999,49.689999,50.740002,6404000,19.668137
"2005-06-17",49,49.459999,48.950001,49.330002,5806400,19.121585
"2005-06-16",49.450001,49.509998,48.880001,48.900002,4148800,18.954906
"2005-06-15",49.75,49.75,49.16,49.540001,2575800,19.202986
"2005-06-14",49.549999,49.799999,49.470001,49.650002,2546800,19.245625
"2005-06-13",49.700001,50.119999,49.529999,49.689999,2559200,19.261129
"2005-06-10",49.799999,50.150002,49.639999,49.759998,3685800,19.288263
"2005-06-09",49.650002,49.880001,49.540001,49.700001,4095000,19.265006
"2005-06-08",49.650002,49.990002,49.470001,49.799999,3708200,19.303768
"2005-06-07",48.900002,49.880001,48.900002,49.669998,4558600,19.253376
"2005-06-06",48.919998,49.060001,48.549999,48.959999,3844000,18.978162
"2005-06-03",49.360001,49.580002,49,49.09,3876400,19.028554
"2005-06-02",50,50.139999,49.52,49.610001,3157600,19.23012
"2005-06-01",49.990002,50.700001,49.860001,50.25,2949000,19.4782
"2005-05-31",50.16,50.259998,49.880001,49.970001,2566400,19.369665
"2005-05-27",50.220001,50.470001,50.02,50.060001,2411400,19.404552
"2005-05-26",50.599998,50.650002,50.25,50.290001,2415800,19.493706
"2005-05-25",50.77,50.880001,50.259998,50.459999,2853200,19.559601
"2005-05-24",50.900002,50.950001,50.400002,50.810001,2933200,19.695271
"2005-05-23",51.119999,51.150002,50.560001,50.720001,4506400,19.660385
"2005-05-20",50.98,51.16,50.580002,51.119999,3552600,19.815434
"2005-05-19",50.389999,50.75,50.389999,50.689999,2693800,19.648755
"2005-05-18",49.66,50.599998,49.630001,50.400002,5376000,19.536345
"2005-05-17",48.93,49.59,48.93,49.59,5239600,19.222367
"2005-05-16",48.75,49.27,48.700001,49.18,4026200,19.063441
"2005-05-12",49.290001,49.599998,49.110001,49.25,4034800,19.090574
"2005-05-11",48.720001,49.32,48.599998,49.290001,4499800,19.10608
"2005-05-10",48.990002,49.049999,48.299999,48.599998,4373400,18.838617
"2005-05-09",49.25,49.279999,48.919998,48.990002,5998200,18.989792
"2005-05-06",49.77,49.790001,48.93,49.169998,4227800,19.059563
"2005-05-05",50.07,50.07,49.34,49.580002,4954800,19.218491
"2005-05-04",49.990002,50.099998,49.66,50.040001,4175000,19.396799
"2005-05-03",50.02,50.09,49.610001,49.849998,4871200,19.323149
"2005-05-02",49.93,50.119999,49.75,50.110001,5363800,19.423933
"2005-04-29",50.57,50.709999,49.529999,49.790001,5624800,19.299893
"2005-04-28",50.630001,51.080002,50.330002,50.419998,4446000,19.544096
"2005-04-27",50.650002,50.880001,48.5,50.73,7670000,19.66426
"2005-04-26",51.700001,51.740002,50.700001,50.700001,4756400,19.652632
"2005-04-25",51.470001,51.830002,51.02,51.650002,3125000,20.020877
"2005-04-22",51.619999,51.630001,50.84,51.380001,3136200,19.916218
"2005-04-21",51.599998,52.25,51.43,52,3920600,20.044133
"2005-04-20",51.970001,51.98,51,51.09,4875800,19.693361
"2005-04-19",52.330002,52.470001,51.880001,52.119999,3824200,20.090389
"2005-04-18",52.720001,52.900002,52,52.360001,3755600,20.182901
"2005-04-15",53.310001,54.080002,52.779999,52.82,5432400,20.360214
"2005-04-14",53.93,54.080002,53.259998,53.299999,4442000,20.545236
"2005-04-13",54.07,54.349998,53.529999,53.93,3672800,20.788079
"2005-04-12",53.740002,54.139999,53.040001,53.950001,3655400,20.795789
"2005-04-11",53.709999,54.07,53.439999,53.709999,2711800,20.703277
"2005-04-08",53.540001,53.849998,53.169998,53.540001,2967200,20.637748
"2005-04-07",52.91,53.540001,52.630001,53.540001,3203400,20.637748
"2005-04-06",52.490002,52.869999,52.259998,52.82,2531000,20.360214
"2005-04-05",52.02,52.490002,52.02,52.27,2807000,20.148209
"2005-04-04",51.549999,51.849998,51.299999,51.779999,2768800,19.959331
"2005-04-01",52.299999,52.470001,51.25,51.52,3690800,19.859111
"2005-03-31",52.450001,52.5,52.02,52.169998,2223600,20.109661
"2005-03-30",51.349998,52.459999,51.34,52.279999,3002400,20.152063
"2005-03-29",51.5,51.98,51.32,51.43,3059400,19.824419
"2005-03-28",51.77,52.029999,51.57,51.619999,2215400,19.897657
"2005-03-24",52,52.209999,51.73,51.77,2897000,19.955477
"2005-03-23",50.599998,52.41,50.599998,52.130001,5533600,20.094244
"2005-03-22",51.43,51.66,50.549999,50.59,4660200,19.500629
"2005-03-21",52.139999,52.200001,51.48,51.66,2926400,19.913075
"2005-03-18",51.790001,52.259998,51.419998,52.139999,4777000,20.098098
"2005-03-17",52.299999,52.310001,51.639999,51.959999,2429600,20.028714
"2005-03-16",52.610001,52.68,52,52.209999,2418200,20.12508
"2005-03-15",52.830002,53.139999,52.549999,52.599998,3012000,20.275411
"2005-03-14",52.34,52.580002,52.110001,52.580002,2828200,20.267703
"2005-03-11",52.549999,53.25,52.25,52.34,3240400,20.175191
"2005-03-10",51.68,52.91,51.66,52.700001,3909600,20.313958
"2005-03-09",52.560001,52.73,51.700001,51.759998,3889600,19.951621
"2005-03-08",52.880001,53,52.650002,52.82,2662800,20.360214
"2005-03-07",52.990002,53.150002,52.77,52.93,2718400,20.402615
"2005-03-04",52.759998,52.959999,52.369999,52.84,3368000,20.367923
"2005-03-03",52.900002,53.139999,52.310001,52.68,2756000,20.306249
"2005-03-02",52.869999,53.299999,52.240002,52.709999,4765000,20.317812
"2005-03-01",52.919998,53.560001,52.779999,52.869999,4736800,20.379487
"2005-02-28",52.419998,52.98,52.200001,52.919998,4051600,20.39876
"2005-02-25",52.5,52.91,52.34,52.599998,3566200,20.275411
"2005-02-24",52.5,52.869999,52.080002,52.84,3542200,20.367923
"2005-02-23",52.5,52.759998,52.290001,52.599998,3773600,20.275411
"2005-02-22",53.200001,53.279999,52.400002,52.400002,3937000,20.19832
"2005-02-18",54.049999,54.09,53.200001,53.200001,3953600,20.506691
"2005-02-17",54,54.240002,53.59,53.919998,4638000,20.784224
"2005-02-16",53.919998,54.130001,53.580002,53.98,4582200,20.807352
"2005-02-15",54.5,54.5,53.630001,53.919998,6124400,20.784224
"2005-02-14",54.66,54.790001,54.330002,54.490002,2855800,21.00394
"2005-02-11",54.099998,54.810001,54.099998,54.650002,4423800,21.065614
"2005-02-10",54.52,54.580002,53.709999,54,5097800,20.815062
"2005-02-09",54.91,55,54.439999,54.509998,3523600,21.011648
"2005-02-08",55.18,55.299999,54.669998,54.900002,5810800,21.16198
"2005-02-07",54.830002,55.369999,54.459999,55.200001,6113400,21.277619
"2005-02-04",54.349998,54.939999,54.240002,54.830002,7439000,21.134997
"2005-02-03",54.5,55.43,54.310001,54.779999,11066600,21.115723
"2005-02-02",53.25,54.389999,53.25,54.290001,7078800,20.926846
"2005-02-01",52.540001,53.25,52.200001,53.209999,5782000,20.510545
"2005-01-31",52,52.549999,51.759998,52.540001,7571800,20.252284
"2005-01-28",52.310001,52.580002,50.360001,51.66,14362000,19.913075
"2005-01-27",51.950001,52.919998,50.970001,52.689999,14601800,20.310103
"2005-01-26",50,50.389999,49.849998,49.880001,4044200,19.22695
"2005-01-25",49.509998,50.040001,49.220001,49.799999,5636000,19.196112
"2005-01-24",49.799999,49.900002,49.119999,49.259998,3898600,18.987961
"2005-01-21",50.119999,50.27,49.439999,49.799999,3754400,19.103602
"2005-01-20",50.119999,50.459999,49.880001,50.119999,3227800,19.226356
"2005-01-19",50.139999,50.48,49.900002,50.07,2423600,19.207176
"2005-01-18",49.75,50.299999,49.529999,50.139999,3426000,19.234028
"2005-01-14",49.900002,50.099998,49.52,50.080002,3377800,19.211012
"2005-01-13",50.5,50.869999,49.709999,49.900002,4201400,19.141963
"2005-01-12",50.110001,50.299999,49.889999,50.209999,4678400,19.26088
"2005-01-11",50.360001,50.630001,50,50.450001,4142200,19.352946
"2005-01-10",50.080002,50.84,50.049999,50.540001,4684000,19.387471
"2005-01-07",49.73,50.349998,49.349998,50.080002,3691600,19.211012
"2005-01-06",49.5,50.509998,49.25,49.73,5987200,19.076749
"2005-01-05",49.049999,49.48,48.490002,48.549999,8916000,18.624094
"2005-01-04",50.119999,50.48,49.669998,49.669998,3895800,19.053732
"2005-01-03",50.91,51.150002,49.970001,50.02,5383200,19.187995
"2004-12-31",51.299999,51.34,50.82,51.16,2463600,19.625307
"2004-12-30",50.5,51.48,50.5,51.259998,4265600,19.663667
"2004-12-29",50.419998,50.450001,50.009998,50.32,3203000,19.303077
"2004-12-28",50.349998,50.610001,50.220001,50.330002,2657800,19.306914
"2004-12-27",50.77,50.93,50.279999,50.279999,2601000,19.287733
"2004-12-23",50.5,51.029999,50.5,50.73,2978400,19.460356
"2004-12-22",50.299999,50.630001,50.25,50.5,4247600,19.372126
"2004-12-21",50.200001,50.599998,50.049999,50.450001,4299600,19.352946
"2004-12-20",49.919998,50.619999,49.84,50.310001,5314400,19.299242
"2004-12-17",49.5,50.099998,49.389999,49.919998,6134000,19.149634
"2004-12-16",49.849998,50.060001,49.25,49.900002,5996800,19.141963
"2004-12-15",50.299999,50.34,49.66,50.220001,4372400,19.264717
"2004-12-14",49.950001,50.549999,49.919998,50.48,3742600,19.364454
"2004-12-13",50.099998,50.130001,49.389999,50.02,7061200,19.187995
"2004-12-10",50.049999,50.720001,49.799999,50.459999,4800600,19.356782
"2004-12-09",49.549999,50.439999,49.48,50.25,7195200,19.276225
"2004-12-08",50.07,50.360001,49.5,49.549999,13170200,19.0077
"2004-12-07",47.970001,50.439999,47.77,50.07,28786800,19.207176
"2004-12-06",46.849998,46.900002,46.130001,46.290001,4780200,17.757144
"2004-12-03",47.450001,47.450001,46.59,46.900002,6743200,17.991144
"2004-12-02",46.799999,47.509998,46.700001,47.360001,5072400,18.167602
"2004-12-01",46.220001,46.799999,46.150002,46.720001,4894600,17.922094
"2004-11-30",45.849998,46.07,45.790001,45.990002,3552000,17.642062
"2004-11-29",46,46.41,45.900002,46,3842000,17.645897
"2004-11-26",45.900002,46.209999,45.900002,45.900002,1334600,17.607537
"2004-11-24",45.900002,46.16,45.599998,45.790001,4517000,17.56534
"2004-11-23",46.099998,46.110001,45.75,46,3429400,17.645897
"2004-11-22",46.299999,46.349998,45.75,46.029999,5024200,17.657405
"2004-11-19",46.900002,46.900002,46.049999,46.220001,6442400,17.730291
"2004-11-18",47.75,47.799999,46.66,46.919998,11301600,17.998815
"2004-11-17",48.400002,48.900002,48.32,48.740002,6152600,18.69698
"2004-11-16",47.900002,48.389999,47.700001,48.139999,4716800,18.466815
"2004-11-15",47.880001,48.09,47.59,47.900002,5187200,18.37475
"2004-11-12",47.650002,47.650002,47.259998,47.619999,4836200,18.267339
"2004-11-11",46.849998,47.610001,46.75,47.380001,5124000,18.175275
"2004-11-10",46.799999,46.869999,46.349998,46.450001,4036400,17.818521
"2004-11-09",46.73,46.98,46.48,46.669998,4527600,17.902913
"2004-11-08",46.849998,46.959999,46.330002,46.380001,4496400,17.791668
"2004-11-05",46.700001,47.110001,46.599998,46.91,4823600,17.994979
"2004-11-04",45.650002,46.59,45.5,46.52,7096800,17.845373
"2004-11-03",45.549999,45.610001,45.119999,45.48,4795600,17.446422
"2004-11-02",44.950001,45.5,44.360001,45.02,6815800,17.269963
"2004-11-01",44.619999,44.990002,44.540001,44.700001,6800200,17.147209
"2004-10-29",44.860001,45.16,44.439999,44.619999,8150200,17.11652
"2004-10-28",45.669998,45.77,44.93,44.950001,7929600,17.243111
"2004-10-27",45.380001,45.509998,44.799999,45.419998,5769200,17.423405
"2004-10-26",45,45.389999,44.75,45.380001,4989600,17.408062
"2004-10-25",45.990002,45.990002,44.669998,44.950001,6860600,17.243111
"2004-10-22",45.849998,45.950001,45.669998,45.700001,5275800,17.530816
"2004-10-21",46.18,46.18,45.599998,45.849998,13276600,17.588356
"2004-10-20",44,45.43,43.950001,45.349998,18407200,17.304486
"2004-10-19",43.919998,43.93,42.889999,43.060001,10983800,16.430677
"2004-10-18",43.709999,44.099998,43.709999,43.919998,4985000,16.758832
"2004-10-15",44.25,44.369999,43.810001,43.93,7753400,16.762648
"2004-10-13",43.68,43.689999,43.119999,43.450001,9564600,16.579492
"2004-10-12",43.849998,43.919998,43.290001,43.349998,9495400,16.541333
"2004-10-11",44.119999,44.290001,43.709999,43.990002,4764600,16.785543
"2004-10-08",44.48,44.810001,44,44.150002,9990200,16.846596
"2004-10-07",44.619999,45.009998,44.389999,44.41,5864400,16.945805
"2004-10-06",44.599998,44.849998,44.400002,44.549999,7895200,16.999225
"2004-10-05",44.700001,44.77,44.349998,44.5,11672400,16.980147
"2004-10-04",44.900002,45.310001,44.470001,44.900002,14763400,17.132778
"2004-10-01",45.200001,45.75,45.099998,45.119999,10333200,17.216724
"2004-09-30",45.5,45.52,45.02,45.18,8082200,17.239619
"2004-09-29",45.380001,45.709999,45.279999,45.5,8136600,17.361723
"2004-09-28",45.299999,45.650002,45.200001,45.349998,12249600,17.304486
"2004-09-27",45.400002,45.549999,45.150002,45.23,9241400,17.258697
"2004-09-24",45.830002,45.919998,45.049999,45.150002,14173200,17.228172
"2004-09-23",45.950001,46.349998,45.700001,45.799999,14731600,17.476196
"2004-09-22",45.950001,46.150002,45.799999,45.849998,19724600,17.495274
"2004-09-21",48.299999,48.299999,45.759998,46.07,38854400,17.579221
"2004-09-20",49.52,49.52,48.09,48.23,31664800,18.403426
"2004-09-17",54.549999,54.73,54.279999,54.330002,4441400,20.731043
"2004-09-16",54.34,54.549999,54.080002,54.299999,1571200,20.719594
"2004-09-15",54.349998,54.5,54.02,54.369999,2410200,20.746305
"2004-09-14",54.5,54.630001,53.900002,54.349998,2898000,20.738673
"2004-09-13",54.299999,55.07,54.150002,54.470001,3857200,20.784463
"2004-09-10",54.099998,54.470001,53.959999,54.400002,1555400,20.757753
"2004-09-09",54.650002,54.66,54.139999,54.220001,1765800,20.689069
"2004-09-08",55,55,54.43,54.5,2964600,20.79591
"2004-09-07",55,55.139999,54.799999,55,1782200,20.986698
"2004-09-03",54.880001,55.25,54.779999,54.849998,1896400,20.929461
"2004-09-02",54.5,55.060001,54.279999,54.91,2601400,20.952356
"2004-09-01",53.91,54.549999,53.77,54.389999,1967200,20.753936
"2004-08-31",53.66,54.099998,53.52,54,2786800,20.605122
"2004-08-30",53.779999,54.049999,53.709999,53.720001,1414600,20.498281
"2004-08-27",53.869999,54.049999,53.73,53.950001,1384600,20.586043
"2004-08-26",53.619999,54.029999,53.610001,53.950001,2040200,20.586043
"2004-08-25",53.299999,53.91,53.119999,53.849998,2170800,20.547885
"2004-08-24",53.549999,53.650002,53.16,53.360001,1645400,20.360913
"2004-08-23",52.91,53.549999,52.650002,53.34,4202000,20.353281
"2004-08-20",51.93,52.759998,51.790001,52.66,2292400,20.093809
"2004-08-19",51.950001,51.990002,51.41,51.880001,2802200,19.79618
"2004-08-18",51.630001,52.139999,51.549999,52.130001,2940400,19.891574
"2004-08-17",52.150002,52.25,51.5,51.619999,2912600,19.69697
"2004-08-16",51.860001,52.48,51.59,51.950001,2628800,19.822891
"2004-08-13",52.099998,52.189999,51.5,51.73,2301400,19.738943
"2004-08-12",52.040001,52.34,51.830002,51.98,2427200,19.834337
"2004-08-11",52.23,52.439999,51.349998,52.209999,5618200,19.9221
"2004-08-10",51.75,52.25,51.57,52.23,2637600,19.929732
"2004-08-09",51.700001,51.93,51.189999,51.549999,2684800,19.670259
"2004-08-06",52.099998,52.380001,51.5,51.75,2591600,19.746575
"2004-08-05",52.869999,52.869999,52.099998,52.25,2023600,19.937363
"2004-08-04",52.970001,53,52.529999,52.82,3450600,20.154862
"2004-08-03",53.189999,53.459999,52.91,52.970001,2124200,20.212099
"2004-07-30",53.02,53.23,52.52,53.200001,3335400,20.299861
"2004-07-29",53.599998,53.619999,53.009998,53.290001,3037000,20.334203
"2004-07-28",52.84,53.599998,52.490002,53.450001,4924000,20.395255
"2004-07-26",52.77,53.040001,52.209999,52.700001,6497400,20.109073
"2004-07-23",53.650002,53.889999,52.299999,52.639999,5978600,20.086178
"2004-07-22",54.400002,54.41,53.599998,53.849998,5885200,20.547885
"2004-07-21",55.299999,55.919998,54.25,55,12577600,20.89512
"2004-07-20",56.029999,56.619999,55.889999,56.619999,4349200,21.510576
"2004-07-19",56.419998,56.619999,56.009998,56.130001,1835200,21.32442
"2004-07-16",56.900002,56.900002,55.900002,56.32,3262800,21.396603
"2004-07-15",56.889999,56.970001,56.52,56.900002,2512200,21.616952
"2004-07-14",57.299999,57.509998,56.689999,56.889999,2596000,21.613152
"2004-07-12",57.650002,57.849998,57.310001,57.66,1467400,21.905684
"2004-07-09",58.029999,58.220001,57.639999,57.759998,1890000,21.943675
"2004-07-08",58,58.450001,57.990002,58.060001,2289600,22.057649
"2004-07-07",58.25,58.68,58.080002,58.099998,2747000,22.072844
"2004-07-06",58.169998,58.400002,57.849998,58.290001,2727600,22.145028
"2004-07-02",58.599998,58.75,58.150002,58.380001,1370800,22.179221
"2004-07-01",58.599998,58.970001,58.599998,58.73,3957200,22.312189
"2004-06-30",58.450001,58.650002,58.099998,58.450001,2907000,22.205814
"2004-06-29",57.77,58.799999,57.700001,58.599998,3271800,22.2628
"2004-06-28",57.700001,57.939999,57.599998,57.759998,2393200,21.943675
"2004-06-25",58.080002,58.169998,57.349998,57.349998,3207000,21.787911
"2004-06-24",58.150002,58.279999,57.919998,58.16,2130600,22.09564
"2004-06-23",58.450001,58.73,58.27,58.419998,3117200,22.194416
"2004-06-22",58.200001,59.040001,58.049999,58.68,2690000,22.293194
"2004-06-21",58.200001,58.5,58.150002,58.279999,1791800,22.141229
"2004-06-18",58.360001,58.720001,58.150002,58.380001,1694600,22.179221
"2004-06-17",58.34,58.900002,58.259998,58.349998,2794200,22.167822
"2004-06-16",58.25,58.5,58.18,58.470001,2244200,22.213413
"2004-06-15",58.169998,58.380001,57.990002,58.189999,2253000,22.107036
"2004-06-14",57.799999,58.119999,57.77,58.099998,2415200,22.072844
"2004-06-10",57.91,58.240002,57.84,58.150002,2030400,22.091841
"2004-06-09",57.779999,58.240002,57.75,58.110001,2888800,22.076644
"2004-06-08",57.25,57.849998,57.060001,57.77,2609600,21.947474
"2004-06-07",56.93,57.599998,56.93,57.599998,2148800,21.882889
"2004-06-04",57.310001,57.419998,56.560001,56.919998,3161600,21.624549
"2004-06-03",57.119999,57.389999,57,57.049999,2620400,21.673938
"2004-06-02",57.790001,57.970001,57.09,57.419998,2201800,21.814505
"2004-06-01",57.279999,57.630001,56.880001,57.540001,2636600,21.860095
"2004-05-28",57.580002,57.580002,57.009998,57.200001,2672000,21.730925
"2004-05-27",57.889999,58.52,57.509998,57.52,3792400,21.852497
"2004-05-26",57.16,58,56.810001,57.889999,2963800,21.993063
"2004-05-25",56.82,57.299999,56.369999,57.16,3398400,21.715728
"2004-05-24",57.48,57.77,56.759998,56.799999,2852000,21.57896
"2004-05-21",56.5,57.560001,56.200001,57.23,4303400,21.742322
"2004-05-20",55.75,56.200001,55.509998,55.970001,2502800,21.263634
"2004-05-19",56.25,56.540001,55.91,55.91,2600400,21.240839
"2004-05-18",56.349998,56.650002,55.990002,56.150002,2152000,21.332019
"2004-05-17",55.5,56.799999,55.48,56.169998,3169800,21.339616
"2004-05-14",55.950001,56.349998,55.150002,55.75,4935200,21.180054
"2004-05-13",56.93,57.16,55.889999,55.990002,4065400,21.271233
"2004-05-12",56.869999,57.099998,56.34,56.91,2880200,21.620751
"2004-05-11",57.310001,57.310001,56.349998,57.07,3396200,21.681536
"2004-05-10",57.450001,57.880001,56.869999,57.009998,3541600,21.658741
"2004-05-07",58.34,58.599998,57.389999,57.630001,3215800,21.894287
"2004-05-06",58.299999,58.669998,57.779999,58.490002,3515800,22.221011
"2004-05-05",58.560001,58.759998,58.16,58.580002,3476400,22.255203
"2004-05-04",58.669998,59,58.23,58.73,5725000,22.312189
"2004-05-03",57.889999,58.970001,57.790001,58.919998,4152800,22.384372
"2004-04-30",58.150002,58.48,57.77,57.880001,5161200,21.989265
"2004-04-29",56.540001,58.150002,56.41,57.849998,4937800,21.977867
"2004-04-28",56.869999,56.869999,56.25,56.400002,3497800,21.426996
"2004-04-27",57,57.130001,56.900002,57.02,3562400,21.662541
"2004-04-26",56.889999,57.25,56.529999,57.060001,6618600,21.677738
"2004-04-23",56.220001,56.799999,55.990002,56.639999,2949400,21.518174
"2004-04-22",56.099998,56.549999,55.529999,56.419998,4438400,21.434593
"2004-04-21",57,57.470001,55.990002,56.25,6866200,21.278831
"2004-04-20",56.450001,56.990002,56.349998,56.610001,4839200,21.415016
"2004-04-19",56,56.349998,55.790001,56.310001,4562400,21.301529
"2004-04-16",55.799999,55.950001,55.540001,55.75,2744000,21.089686
"2004-04-15",55.049999,55.66,54.900002,55.5,3773600,20.995113
"2004-04-14",53.5,54.970001,53.41,54.849998,6340600,20.749224
"2004-04-13",54,54.27,53.27,53.560001,4553000,20.26123
"2004-04-12",54.299999,54.349998,53.860001,53.98,2711800,20.420112
"2004-04-08",54.549999,54.950001,54.080002,54.27,3129600,20.529816
"2004-04-07",54.650002,54.860001,54.130001,54.360001,3254400,20.563862
"2004-04-06",54.450001,55.080002,54.369999,54.98,3967800,20.798402
"2004-04-05",55.5,55.5,54.59,54.84,2934600,20.745442
"2004-04-02",54.98,55.860001,54.98,55.619999,2865000,21.040507
"2004-04-01",55.150002,55.150002,54.799999,54.919998,3314800,20.775704
"2004-03-31",55.849998,55.849998,54.849998,55.099998,4988400,20.843796
"2004-03-30",55.299999,56.150002,55.27,56.049999,3965800,21.203172
"2004-03-29",54.549999,55.380001,54.349998,55.349998,2897000,20.938369
"2004-03-26",55.029999,55.099998,54.700001,54.720001,2393000,20.700047
"2004-03-25",53.5,55.049999,53.360001,54.91,7263600,20.771922
"2004-03-24",52.849998,53.259998,52.650002,52.799999,4447800,19.973729
"2004-03-23",53.549999,53.619999,52.900002,52.990002,6473000,20.045605
"2004-03-22",54.75,54.790001,53.5,53.650002,3835600,20.295277
"2004-03-19",55,55.099998,54.700001,54.75,4241600,20.711395
"2004-03-18",55,55.459999,54.709999,55,3092400,20.805968
"2004-03-17",54.75,55.18,54.619999,55,3826800,20.805968
"2004-03-16",54.549999,55.009998,54.439999,54.66,4216200,20.677349
"2004-03-15",54.950001,54.950001,54.369999,54.48,3167400,20.609257
"2004-03-12",54.82,55.139999,54.66,54.919998,4309200,20.775704
"2004-03-11",56.099998,56.299999,54.75,54.900002,5668200,20.768139
"2004-03-10",56.549999,57.25,56.450001,56.549999,4976000,21.392318
"2004-03-09",56.299999,56.639999,56.02,56.259998,3379000,21.282613
"2004-03-08",56.279999,56.779999,56.18,56.52,2682400,21.380969
"2004-03-05",55.939999,56.5,55.48,56.349998,2580800,21.316659
"2004-03-04",56.349998,56.389999,55.959999,56.040001,2212200,21.19939
"2004-03-03",55.849998,56.380001,55.82,56.310001,2919800,21.301529
"2004-03-02",56.099998,56.200001,55.779999,56.130001,3717800,21.233436
"2004-03-01",55.650002,56.349998,55.549999,56.240002,3323800,21.275049
"2004-02-27",55.549999,55.759998,55.16,55.450001,4417600,20.976199
"2004-02-26",54.98,55.580002,54.950001,55.470001,2906400,20.983765
"2004-02-25",55.450001,55.849998,55,55,3259800,20.805968
"2004-02-24",55.860001,55.950001,55.099998,55.220001,5123400,20.889192
"2004-02-23",56.060001,56.169998,55.73,56.009998,4706600,21.18804
"2004-02-20",56.650002,57.040001,55.91,56.049999,4899400,21.203172
"2004-02-19",55.650002,56.900002,55.610001,56.5,6181000,21.373403
"2004-02-18",55.599998,55.599998,55.34,55.5,2639400,20.995113
"2004-02-17",55.400002,55.580002,55.25,55.349998,3745600,20.938369
"2004-02-12",55.029999,55.25,55,55.060001,2683200,20.828666
"2004-02-11",55.25,55.279999,54.849998,55.07,6322000,20.832448
"2004-02-10",55.07,55.75,55,55,6653200,20.805968
"2004-02-09",54.959999,55,54.299999,54.919998,4588600,20.775704
"2004-02-06",54.650002,55.02,54.52,54.799999,9425600,20.73031
"2004-02-05",54,54.709999,53.830002,54.619999,8064000,20.662217
"2004-02-04",52.400002,54.16,52.099998,53.759998,13922000,20.336887
"2004-02-03",50.34,52.099998,49.880001,51.849998,11273400,19.614353
"2004-02-02",51.279999,51.330002,50,50.34,9798000,19.043135
"2004-01-30",52.220001,52.25,51.16,51.27,6084800,19.394945
"2004-01-29",51.049999,52,51,51.950001,6366000,19.652183
"2004-01-28",51.049999,51.200001,50.790001,50.849998,7475800,19.236062
"2004-01-27",51.450001,51.700001,51.220001,51.259998,6221600,19.391161
"2004-01-26",51.349998,51.5,51.169998,51.389999,6931000,19.44034
"2004-01-23",51.330002,51.599998,50.950001,50.990002,3283400,19.289024
"2004-01-22",51.580002,51.580002,50.759998,51.240002,4465600,19.383597
"2004-01-21",51.299999,51.490002,51.23,51.450001,5002000,19.372248
"2004-01-20",51.5,51.720001,50.900002,51.080002,6880400,19.232933
"2004-01-16",51.450001,51.5,51.02,51.23,4143600,19.289411
"2004-01-15",50.52,51.130001,50.400002,51.049999,7675800,19.221637
"2004-01-14",50.849998,50.919998,50.080002,50.419998,7140200,18.984425
"2004-01-13",50.75,50.900002,50.27,50.580002,6906200,19.044671
"2004-01-12",50.580002,50.639999,50.099998,50.360001,6511200,18.961834
"2004-01-09",50.529999,50.950001,50.349998,50.490002,7539200,19.010783
"2004-01-08",50.68,50.93,50.52,50.77,5105800,19.11621
"2004-01-07",50.5,50.77,50.419998,50.650002,8397800,19.071027
"2004-01-06",50,50.540001,49.869999,50.380001,9328400,18.969365
"2004-01-05",49.82,50.080002,49.650002,50.049999,10084600,18.845111
"2004-01-02",49.950001,50.099998,49.419998,49.619999,4031800,18.683205
"2003-12-31",49.91,50.23,49.91,50.049999,5505400,18.845111
"2003-12-30",49.98,50.200001,49.650002,49.91,4399400,18.792398
"2003-12-29",49.150002,49.98,49.150002,49.98,4567400,18.818754
"2003-12-26",49.169998,49.349998,49.029999,49.299999,1961800,18.562717
"2003-12-24",49.25,49.360001,49,49.169998,2964800,18.513768
"2003-12-23",49.299999,49.43,49.02,49.34,6008200,18.577778
"2003-12-22",49.200001,49.889999,48.919998,49.130001,9572600,18.498708
"2003-12-19",49.799999,50.150002,48.560001,49.189999,19924200,18.521299
"2003-12-17",53.299999,53.919998,53.200001,53.880001,5775800,20.287205
"2003-12-16",53.57,53.709999,52.91,53.16,5375400,20.016106
"2003-12-15",53.75,53.93,53.330002,53.560001,3683600,20.166717
"2003-12-12",52.950001,53.849998,52.669998,53.610001,3368200,20.185543
"2003-12-11",52.5,52.900002,52.450001,52.599998,4045400,19.805251
"2003-12-10",52.939999,53,52.349998,52.610001,4934400,19.809017
"2003-12-09",53.599998,53.779999,52.869999,52.93,7445400,19.929505
"2003-12-08",53.799999,53.849998,53.150002,53.59,4638200,20.178012
"2003-12-05",53.5,54,53.470001,53.860001,4626200,20.279674
"2003-12-04",53.060001,53.709999,53.049999,53.700001,6727600,20.21943
"2003-12-03",53.029999,53.389999,52.669998,53,6735400,19.955862
"2003-12-02",52.869999,53.189999,52.77,53.040001,3596000,19.970923
"2003-12-01",52.599998,53.200001,52.59,52.900002,4540200,19.91821
"2003-11-28",52.349998,52.810001,52.299999,52.5,1379600,19.767599
"2003-11-26",52.419998,52.490002,52.099998,52.34,3989600,19.707355
"2003-11-25",52.450001,52.939999,52.299999,52.419998,5351800,19.737477
"2003-11-24",52.099998,52.490002,51.98,52.450001,4786400,19.748773
"2003-11-21",51.950001,52,51.529999,51.869999,3087000,19.530388
"2003-11-20",51.5,52.09,51.5,51.77,5807600,19.492736
"2003-11-19",51.349998,52.049999,51.299999,51.700001,7062200,19.466379
"2003-11-18",52.049999,52.220001,51.389999,51.43,5491800,19.364717
"2003-11-17",52.110001,52.41,50.75,52.099998,5393400,19.616988
"2003-11-13",52.650002,53,52.330002,52.799999,4433800,19.880557
"2003-11-12",52.25,52.93,52.150002,52.720001,5808000,19.850435
"2003-11-11",51.939999,52.330002,51.939999,52.330002,4619400,19.703591
"2003-11-10",52.349998,52.580002,51.75,51.939999,3426000,19.556744
"2003-11-07",52.25,53,52.009998,52.099998,5198800,19.616988
"2003-11-06",52.5,52.509998,51.950001,52.290001,5332800,19.688529
"2003-11-05",53.450001,53.580002,52.240002,52.369999,6975600,19.718651
"2003-11-04",53.25,53.599998,53.150002,53.299999,5883200,20.06882
"2003-11-03",53.25,53.73,53.09,53.150002,4324600,20.012342
"2003-10-31",52.599998,53.459999,52.43,53.189999,8605800,20.027401
"2003-10-30",52.299999,53,51.400002,51.619999,6986600,19.436256
"2003-10-28",51.09,51.450001,50.509998,51.16,10890800,19.263055
"2003-10-27",51.700001,52.200001,50.75,51.09,13343400,19.236698
"2003-10-24",53.189999,53.189999,51.299999,51.849998,15592000,19.522857
"2003-10-23",53.990002,56.790001,53,53.189999,21786400,20.027401
"2003-10-22",57.299999,57.77,56.860001,57.759998,3637600,21.748124
"2003-10-21",57.369999,57.849998,57.279999,57.610001,2831400,21.60128
"2003-10-20",57.299999,57.549999,56.880001,57.369999,3800200,21.511289
"2003-10-17",57.700001,57.779999,57,57.349998,4147000,21.50379
"2003-10-16",58.400002,58.470001,57.669998,58.029999,4609600,21.758761
"2003-10-15",58.259998,58.720001,58.139999,58.619999,3557400,21.979986
"2003-10-14",58.450001,58.450001,58,58.259998,3024000,21.845001
"2003-10-13",58.5,58.5,57.849998,58.080002,2225800,21.77751
"2003-10-10",57.73,58.09,57.57,57.900002,1875800,21.710017
"2003-10-09",58,58.25,57.150002,57.650002,3522000,21.616278
"2003-10-08",57.950001,57.950001,57.459999,57.799999,2236000,21.672521
"2003-10-07",57.689999,58.139999,57.43,57.950001,2642800,21.728765
"2003-10-06",57.450001,57.860001,57.349998,57.689999,2248400,21.631275
"2003-10-03",57.48,58.07,57.290001,57.34,4435200,21.500041
"2003-10-02",56.970001,57.540001,56.77,57.23,4219800,21.458795
"2003-10-01",55.889999,57,55.889999,56.970001,3313200,21.361307
"2003-09-30",55.599998,56.599998,55.5,55.889999,4133200,20.956353
"2003-09-29",55.5,55.880001,55.279999,55.759998,3557400,20.907608
"2003-09-26",55.709999,55.889999,55.080002,55.299999,2519000,20.735128
"2003-09-25",55.450001,55.98,55.400002,55.709999,5563000,20.888861
"2003-09-24",55.849998,56.150002,55.549999,55.57,4863600,20.836367
"2003-09-23",55,55.599998,55,55.43,3302200,20.783873
"2003-09-22",55.25,55.25,54.5,54.82,2988600,20.555149
"2003-09-19",54.700001,55.360001,54.700001,55.349998,3764600,20.753876
"2003-09-18",55.049999,55.240002,54.630001,54.849998,5787400,20.566397
"2003-09-17",55.5,55.5,55.07,55.189999,2301800,20.693883
"2003-09-16",55.349998,55.759998,55,55.619999,3050200,20.855114
"2003-09-15",55.650002,55.810001,55.25,55.349998,4047800,20.753876
"2003-09-12",56.25,56.369999,55.75,56.119999,2502600,21.042593
"2003-09-11",56.150002,56.98,56.150002,56.450001,2734400,21.166329
"2003-09-10",55.849998,56.59,55.849998,56.040001,2581000,21.012597
"2003-09-09",56.490002,56.549999,55.950001,55.950001,2379000,20.978851
"2003-09-08",56.130001,56.490002,55.900002,56.490002,3106600,21.181328
"2003-09-05",56.150002,56.299999,55.849998,56.23,2757200,21.083838
"2003-09-04",56.560001,57.099998,56.23,56.299999,2398800,21.110085
"2003-09-03",56.299999,56.950001,56.18,56.549999,3603800,21.203825
"2003-09-02",55.5,56.369999,55.349998,56.099998,2830600,21.035094
"2003-08-29",55.400002,55.689999,55,55.279999,2586800,20.727629
"2003-08-28",55.549999,55.549999,55,55.330002,2464600,20.746378
"2003-08-27",55.5,55.810001,54.650002,55.349998,6355600,20.753876
"2003-08-26",53.450001,54.080002,53.27,53.91,3148600,20.213938
"2003-08-25",53.25,53.509998,52.950001,53.400002,2669600,20.02271
"2003-08-22",54.299999,54.349998,53.200001,53.349998,3900600,20.003961
"2003-08-21",54.48,54.790001,54.150002,54.349998,2953400,20.378919
"2003-08-20",54.439999,54.700001,54.16,54.48,2400400,20.427663
"2003-08-19",54.779999,54.82,54.200001,54.439999,2152000,20.412665
"2003-08-18",54.849998,54.950001,54.540001,54.580002,2956400,20.46516
"2003-08-15",55.650002,55.709999,54.900002,54.990002,2486400,20.618892
"2003-08-14",55.849998,56.040001,55.25,55.75,2220000,20.903859
"2003-08-13",56.25,56.25,55.400002,55.619999,2205800,20.855114
"2003-08-12",55.450001,56.139999,55.119999,56.049999,3094600,21.016346
"2003-08-11",55.150002,55.619999,55.099998,55.240002,3013600,20.712632
"2003-08-08",54.720001,55.099998,54.689999,55.02,2191400,20.630141
"2003-08-07",54.849998,54.849998,54.310001,54.720001,2699200,20.517654
"2003-08-06",54.299999,55.240002,54.150002,54.849998,2747200,20.566397
"2003-08-05",54.48,54.810001,54.200001,54.299999,3008000,20.360171
"2003-08-04",54.119999,54.470001,53.549999,54.330002,2954800,20.371421
"2003-07-31",55.400002,55.68,54.599998,54.599998,3489000,20.472658
"2003-07-30",55.299999,55.52,54.779999,55.119999,3032200,20.667636
"2003-07-29",55.5,55.830002,55.029999,55.25,2981000,20.716381
"2003-07-28",55.650002,55.77,55.349998,55.549999,2903600,20.828867
"2003-07-25",55.799999,56.09,55.25,55.900002,2867600,20.960103
"2003-07-24",56.290001,56.689999,55.830002,55.939999,2487400,20.9751
"2003-07-23",56.400002,56.630001,56.07,56.279999,2568000,21.102586
"2003-07-22",56.5,57.48,55.900002,56.599998,5402200,21.132582
"2003-07-21",56.549999,56.700001,56.099998,56.299999,4603000,21.020573
"2003-07-18",56,56.450001,55.759998,56.299999,4187600,21.020573
"2003-07-17",56.450001,56.5,55.73,55.959999,4403200,20.893628
"2003-07-16",57,57.119999,56.060001,56.52,3166200,21.102714
"2003-07-15",56.950001,57.220001,56.700001,56.950001,4247600,21.263262
"2003-07-14",57.299999,57.639999,56.950001,56.98,3566400,21.274462
"2003-07-11",57.299999,57.389999,57,57.25,2853000,21.375272
"2003-07-10",57.619999,57.740002,56.990002,57.299999,3282600,21.39394
"2003-07-09",57.799999,58,57.349998,57.619999,2716600,21.513417
"2003-07-08",57.75,58.169998,57.299999,58,4329200,21.655297
"2003-07-07",57.869999,58.259998,57.860001,58,4092000,21.655297
"2003-07-03",58.150002,58.32,57.810001,57.860001,2399400,21.603026
"2003-07-02",58.5,58.580002,58.200001,58.310001,3773200,21.771041
"2003-07-01",57.950001,58.599998,57.450001,58.25,4033000,21.748639
"2003-06-30",57.799999,58.529999,57.700001,57.950001,3822000,21.636629
"2003-06-27",58,58.540001,57.5,57.68,3557600,21.53582
"2003-06-26",58.299999,58.810001,57.720001,58.32,5510600,21.774774
"2003-06-25",59.299999,59.77,58.599998,58.75,3964800,21.935322
"2003-06-24",59.450001,60.310001,59.330002,60.169998,2805800,22.465503
"2003-06-23",59.5,59.650002,59.16,59.630001,2559600,22.263886
"2003-06-20",60,60.200001,59.049999,59.91,3824000,22.368428
"2003-06-19",60.720001,60.990002,59.860001,59.880001,2865000,22.357228
"2003-06-18",60.5,60.849998,60.209999,60.779999,3029000,22.693257
"2003-06-17",60.900002,60.900002,60.32,60.650002,3929400,22.644721
"2003-06-16",59.919998,60.880001,59.91,60.880001,4336200,22.730595
"2003-06-13",59.599998,60.150002,59.490002,59.98,4217000,22.394564
"2003-06-12",59.099998,59.830002,58.799999,59.759998,2929800,22.312423
"2003-06-11",58.5,58.93,58.470001,58.900002,3142800,21.991328
"2003-06-10",58.77,58.77,57.529999,58.630001,5230800,21.890519
"2003-06-09",58.599998,59.360001,58.43,58.77,3245200,21.94279
"2003-06-06",59.099998,59.349998,58.419998,58.599998,3837400,21.879317
"2003-06-04",59.540001,59.889999,59.099998,59.299999,3446800,22.140674
"2003-06-03",59.5,59.810001,59.279999,59.529999,2244800,22.226548
"2003-06-02",59.849998,60.139999,59.419998,59.490002,3188800,22.211615
"2003-05-30",59.099998,59.77,59.080002,59.619999,3479800,22.260151
"2003-05-29",58.650002,59.450001,58.650002,59.139999,4188000,22.080935
"2003-05-28",58.970001,59.060001,58.709999,58.93,3453600,22.002529
"2003-05-27",58.599998,59.040001,58.5,58.889999,4247600,21.987594
"2003-05-23",58.849998,59,58.509998,58.799999,2381000,21.953991
"2003-05-22",58.599998,59.110001,58.5,58.889999,2823200,21.987594
"2003-05-21",59.200001,59.240002,58.400002,58.450001,5135000,21.823313
"2003-05-20",59,59.310001,58.75,59.150002,6203600,22.08467
"2003-05-19",58.57,58.57,57.98,58.5,3241000,21.841981
"2003-05-16",58.099998,58.599998,58.060001,58.57,2971000,21.868116
"2003-05-15",57.77,58.509998,57.599998,58.34,3431800,21.782242
"2003-05-14",57.549999,57.990002,57.490002,57.77,3376200,21.569423
"2003-05-13",58.25,58.25,57.279999,57.389999,3495800,21.427543
"2003-05-12",57.330002,58.34,57.07,58.34,3940200,21.782242
"2003-05-09",57.060001,57.470001,56.830002,57.369999,2653800,21.420075
"2003-05-08",57,57.349998,56.77,56.98,3539000,21.274462
"2003-05-07",57.299999,58,57.299999,57.75,3207600,21.561955
"2003-05-06",57.5,57.630001,57,57.549999,4358800,21.487282
"2003-05-05",57.080002,57.599998,56.759998,57.599998,3394800,21.50595
"2003-05-02",56.889999,57.150002,56.23,57.150002,3331800,21.337935
"2003-05-01",56.849998,57.150002,56.259998,56.889999,2432200,21.240859
"2003-04-30",57.509998,57.650002,57,57.169998,3690800,21.345402
"2003-04-29",57.25,57.73,57.040001,57.5,3908600,21.468613
"2003-04-28",56.720001,57.66,56.560001,57.41,2449800,21.43501
"2003-04-25",57.150002,57.23,56.48,56.68,2989200,21.162452
"2003-04-24",57.32,57.5,57.099998,57.200001,3776600,21.356604
"2003-04-23",57.07,57.450001,56.599998,57.419998,4129200,21.438743
"2003-04-22",56.599998,57.490002,56.32,57.299999,4803600,21.304331
"2003-04-21",56,56.470001,55.91,56.32,3237400,20.939964
"2003-04-17",56.099998,56.110001,54.849998,55.75,8181400,20.728036
"2003-04-16",57,57.200001,56.009998,56.349998,4675000,20.951118
"2003-04-15",56.619999,57.630001,56.5,57.189999,5162800,21.263433
"2003-04-14",55.549999,56.700001,55.540001,56.619999,2379400,21.051505
"2003-04-11",56,56.580002,55.52,55.52,2046200,20.642522
"2003-04-10",55.549999,55.950001,55.049999,55.68,3746000,20.70201
"2003-04-09",55.5,56.200001,55.259998,55.5,3625400,20.635086
"2003-04-08",54.799999,55.5,54.75,55.16,2250600,20.508672
"2003-04-07",55.75,55.950001,54.84,54.900002,4325400,20.412004
"2003-04-04",55.200001,55.240002,54.290001,54.52,2719600,20.270718
"2003-04-03",55.450001,55.459999,54.349998,54.540001,3340200,20.278155
"2003-04-02",55.299999,55.799999,55.049999,55.5,3689200,20.635086
"2003-04-01",54.5,55.470001,54,55,4238000,20.449184
"2003-03-31",54.59,55.310001,53.68,54.439999,2814000,20.240973
"2003-03-28",54.080002,54.540001,53.650002,54.349998,2436400,20.207511
"2003-03-27",53.5,54.639999,52.889999,54.080002,2373400,20.107125
"2003-03-26",53.5,54.080002,53.389999,53.790001,2673200,19.999302
"2003-03-25",54,54.110001,53.400002,53.799999,4228400,20.00302
"2003-03-24",55.049999,55.060001,53.700001,54.110001,3658800,20.118279
"2003-03-21",55,55.75,54.599998,55.75,3456200,20.728036
"2003-03-20",54.200001,54.77,53.759998,54.59,4027200,20.296745
"2003-03-19",53.700001,54.419998,53.560001,54.419998,3516000,20.233537
"2003-03-18",53.650002,53.950001,53.200001,53.450001,4075600,19.872889
"2003-03-17",51.900002,53.900002,51.900002,53.75,4262000,19.98443
"2003-03-14",52.009998,52.639999,51.68,52.200001,3226600,19.408135
"2003-03-13",51.5,52.110001,50.98,52.009998,3984800,19.337491
"2003-03-12",49.599998,51.099998,49.549999,51.099998,4852400,18.99915
"2003-03-11",48.849998,50.310001,48.849998,49.849998,3618000,18.534396
"2003-03-10",49.400002,49.48,48.959999,49.099998,2793600,18.255544
"2003-03-07",49,49.700001,48.75,49.650002,4476000,18.460037
"2003-03-06",50.150002,50.150002,49.330002,49.650002,2219800,18.460037
"2003-03-05",49.669998,50.150002,49.400002,50.150002,2866200,18.645938
"2003-03-04",50.150002,50.240002,49.490002,49.73,2759600,18.48978
"2003-03-03",50.599998,50.669998,49.880001,50.049999,2078600,18.608757
"2003-02-28",51,51.099998,50.040001,50.310001,2760400,18.705427
"2003-02-27",50.959999,51.400002,50.439999,50.790001,2276200,18.883892
"2003-02-26",50.970001,51.09,50.560001,50.810001,2390800,18.891328
"2003-02-25",50.369999,51,49.900002,50.970001,2786400,18.950817
"2003-02-24",51,51.02,50.32,50.369999,2003400,18.727734
"2003-02-21",50.5,51.349998,50.279999,51,2642200,18.961971
"2003-02-20",50.400002,50.650002,49.919998,50.07,2770200,18.616193
"2003-02-18",50.799999,51.150002,50.630001,50.919998,2584800,18.932226
"2003-02-14",50.389999,50.73,49.650002,50.73,2361600,18.861583
"2003-02-13",50.169998,50.700001,49.25,50.380001,2716400,18.731453
"2003-02-12",50.599998,50.700001,50,50.169998,2788600,18.653373
"2003-02-11",51.75,51.849998,50.389999,50.610001,2931400,18.816967
"2003-02-10",51.599998,51.889999,50.900002,51.5,2825600,19.147872
"2003-02-07",51.599998,51.799999,51.09,51.200001,2783000,19.036331
"2003-02-06",51.490002,51.490002,51,51.419998,2958000,19.118127
"2003-02-05",51.950001,52.240002,51.400002,51.5,4200600,19.147872
"2003-02-04",51.150002,52.259998,50.599998,52.189999,7404600,19.404416
"2003-02-03",51.25,51.349998,50.450001,50.75,3584600,18.86902
"2003-01-31",49.549999,51.150002,49.549999,50.91,3951400,18.928508
"2003-01-30",50.830002,50.830002,49.5,49.619999,7305600,18.448881
"2003-01-29",51.200001,51.240002,50.279999,50.82,4102800,18.828122
"2003-01-28",50.849998,51.91,50.549999,51.52,3323000,19.087463
"2003-01-27",51.549999,51.560001,50.41,50.849998,4140200,18.839236
"2003-01-24",52.380001,52.400002,51.240002,51.610001,3267600,19.120807
"2003-01-23",51.5,52.389999,51.5,52.369999,2562400,19.402376
"2003-01-22",52.950001,53.099998,51.880001,51.98,3720000,19.257886
"2003-01-21",54,54.450001,53.07,53.07,3211400,19.661717
"2003-01-17",54.009998,54.619999,53.549999,53.759998,3719000,19.917352
"2003-01-16",52.450001,54.25,52.389999,54,3488800,20.006269
"2003-01-15",52.599998,52.700001,52,52.299999,1827600,19.376442
"2003-01-14",52.599998,52.68,52.380001,52.580002,2297200,19.480179
"2003-01-13",52.950001,53.099998,52.470001,52.849998,2739200,19.580209
"2003-01-10",53,53.099998,52.66,52.93,2800600,19.609849
"2003-01-09",53,53.490002,52.900002,53.099998,3377600,19.672831
"2003-01-08",53.650002,54.139999,53.200001,53.200001,3868000,19.70988
"2003-01-07",54.25,54.330002,53.580002,53.580002,3488200,19.850666
"2003-01-06",53.16,54.450001,53.110001,54.32,2743800,20.124825
"2003-01-03",53.25,53.650002,53.02,53.16,2150000,19.695061
"2003-01-02",52.52,53.830002,52.52,53.799999,2932600,19.932172
"2002-12-31",52.080002,52.59,51.59,52.43,1996200,19.424606
"2002-12-30",52.099998,52.5,51.900002,52.18,1802600,19.331984
"2002-12-27",52.419998,52.540001,52.009998,52.150002,1432600,19.32087
"2002-12-26",52.599998,53.049999,52.529999,52.619999,1456400,19.494998
"2002-12-24",52.529999,52.66,52.25,52.439999,822400,19.42831
"2002-12-23",52.389999,53.09,52.189999,52.650002,1982200,19.506113
"2002-12-20",52,52.650002,52,52.400002,4394400,19.413491
"2002-12-19",52.400002,52.59,51.810001,51.900002,3996600,19.228248
"2002-12-18",52.299999,52.849998,52.259998,52.669998,2956600,19.513522
"2002-12-17",52.400002,52.779999,52.060001,52.419998,4438800,19.4209
"2002-12-16",52.799999,52.98,52.150002,52.75,4094200,19.543161
"2002-12-13",53.09,53.09,52.189999,52.900002,4488600,19.598735
"2002-12-12",53.450001,53.630001,52.48,53.080002,2577600,19.665422
"2002-12-11",54.110001,54.110001,53.09,53.529999,3705000,19.83214
"2002-12-10",53.66,54.139999,53.240002,54.099998,2493200,20.043317
"2002-12-09",53.560001,53.799999,53.049999,53.650002,3477600,19.8766
"2002-12-06",52.560001,53.48,52.419998,53.48,3293200,19.813616
"2002-12-05",53.119999,53.650002,52.549999,52.560001,3395800,19.472769
"2002-12-04",51.849998,53.389999,51.849998,53.110001,4342200,19.676537
"2002-12-03",51.650002,52.209999,51.610001,51.700001,3315800,19.154151
"2002-12-02",51.400002,51.5,51,51.400002,3031600,19.043005
"2002-11-29",51.849998,51.860001,51.32,51.389999,1351600,19.039299
"2002-11-27",51.150002,52.5,50.950001,51.900002,3061800,19.228248
"2002-11-26",51,51.560001,50.5,51.150002,4884400,18.950383
"2002-11-25",51.82,51.860001,50.900002,51.040001,4986600,18.90963
"2002-11-22",51.799999,52.650002,51.5,51.57,6574200,19.105987
"2002-11-21",53.139999,53.139999,50.990002,51.400002,7770200,19.043005
"2002-11-20",53.150002,53.400002,51.950001,53.130001,3301200,19.683946
"2002-11-19",52.400002,53.439999,52.400002,52.790001,3369600,19.557981
"2002-11-18",53.150002,53.34,52.549999,52.650002,2381200,19.506113
"2002-11-15",52.939999,53.099998,52.150002,53.09,5395200,19.669127
"2002-11-14",52.75,52.93,52.060001,52.93,4537800,19.609849
"2002-11-13",52.75,53.150002,52.209999,52.599998,6292000,19.487588
"2002-11-12",54.299999,54.450001,52.639999,52.880001,4507400,19.591325
"2002-11-11",54.5,54.799999,53.389999,53.950001,3508200,19.987745
"2002-11-08",54,54.950001,53.599998,54.029999,2787400,20.017383
"2002-11-07",53.400002,54.049999,53.200001,53.84,4684600,19.946991
"2002-11-06",54.349998,54.389999,52.950001,53.400002,4871600,19.783978
"2002-11-05",53.540001,54.5,53.540001,54.5,3657000,20.191513
"2002-11-04",54.900002,55.009998,53.099998,53.290001,5181800,19.743224
"2002-11-01",55.23,55.23,54.099998,55,4177800,20.376756
"2002-10-31",55.959999,56,54.700001,54.98,3231200,20.369346
"2002-10-30",56.049999,56.279999,55.599998,55.950001,2765200,20.728718
"2002-10-29",55.209999,55.810001,54.330002,55.689999,3681800,20.632391
"2002-10-28",55.700001,55.700001,54.310001,54.77,4234000,20.291544
"2002-10-25",55.099998,55.849998,54.75,55.77,2436000,20.66203
"2002-10-24",57.25,57.25,55.25,55.400002,2799600,20.524951
"2002-10-23",56.450001,56.990002,55.740002,56.599998,3466600,20.969534
"2002-10-22",57.259998,57.299999,56.200001,56.619999,4771000,20.910255
"2002-10-21",56.68,57.990002,56.290001,57.91,3968000,21.386664
"2002-10-18",55,57.25,55,56.68,4469800,20.932414
"2002-10-17",56.299999,56.330002,55.029999,55.700001,4919400,20.570492
"2002-10-16",55.950001,56.189999,54.68,54.799999,5606800,20.238114
"2002-10-15",57.75,57.75,54.889999,56.09,9482600,20.714522
"2002-10-14",55.900002,57,55.900002,57,4484000,21.050593
"2002-10-11",55.549999,56.830002,55.099998,56.400002,4522000,20.829008
"2002-10-10",54.549999,55.560001,54.299999,55.349998,5682400,20.441233
"2002-10-09",54.599998,55.110001,54.310001,54.580002,4618800,20.156867
"2002-10-08",55,55.830002,54.509998,55.310001,4692600,20.426462
"2002-10-07",54.099998,55.650002,54.099998,54.75,5263000,20.219649
"2002-10-04",54.299999,54.650002,53.459999,54.169998,3271000,20.005449
"2002-10-03",54,54.549999,53.700001,54.18,3605200,20.009143
"2002-10-02",54,55.09,53.130001,54.16,3432200,20.001756
"2002-10-01",54,54.919998,54,54.799999,4161200,20.238114
"2002-09-30",54.200001,54.75,53.73,53.950001,6348000,19.924202
"2002-09-27",55.549999,55.650002,54.5,54.709999,6176000,20.204876
"2002-09-26",53.799999,55.650002,53.66,55.52,4182400,20.504016
"2002-09-25",52.77,53.959999,52.639999,53.68,4702800,19.824488
"2002-09-24",53.5,53.619999,52.5,52.5,4816000,19.388704
"2002-09-23",53.299999,53.950001,52.700001,53.490002,2394400,19.75432
"2002-09-20",53.310001,53.549999,52.77,53.299999,5027600,19.684151
"2002-09-19",54.099998,54.349998,53.32,53.41,3175200,19.724775
"2002-09-18",54.25,54.900002,53.91,54.549999,2613000,20.145787
"2002-09-17",56.25,56.639999,54.790001,54.799999,5354200,20.238114
"2002-09-16",55.75,56.200001,55.049999,56.060001,3191800,20.703443
"2002-09-13",54.599998,55.75,54.099998,55.5,2749600,20.49663
"2002-09-12",55.400002,55.650002,54.57,54.900002,2920200,20.275045
"2002-09-10",55.650002,56.200001,55.400002,55.700001,3821400,20.570492
"2002-09-09",54.5,56.150002,54.459999,55.849998,3919400,20.625888
"2002-09-06",56,56.200001,54.73,54.900002,5692000,20.275045
"2002-09-05",55,57.25,54.52,56.139999,11297000,20.732987
"2002-09-04",52.93,54.619999,52.860001,54.509998,4562200,20.131014
"2002-09-03",53.549999,54.110001,52.630001,52.68,4055800,19.45518
"2002-08-30",53.650002,55.150002,53.599998,54.549999,2765600,20.145787
"2002-08-29",53.200001,54.200001,53,53.650002,3470200,19.81341
"2002-08-28",54.080002,54.360001,53.32,53.66,2870200,19.817102
"2002-08-27",53.5,54.240002,53.009998,54.07,3762400,19.968519
"2002-08-26",53.599998,53.700001,52.759998,53.259998,3163600,19.669378
"2002-08-23",54.639999,54.75,53.599998,53.77,2979400,19.857726
"2002-08-22",54.799999,55,54.290001,54.630001,2566200,20.175332
"2002-08-21",54.400002,54.889999,54.279999,54.709999,2184800,20.204876
"2002-08-20",54.650002,54.75,53.849998,54.299999,2958800,20.053459
"2002-08-19",53.950001,54.919998,53.650002,54.900002,2857200,20.275045
"2002-08-16",53.900002,54.5,53.5,53.950001,3688600,19.924202
"2002-08-15",54.43,54.799999,54.029999,54.799999,2828400,20.238114
"2002-08-14",53.48,54.419998,52.599998,54.419998,2828800,20.097776
"2002-08-13",53,54.209999,52.799999,53.23,4047000,19.658299
"2002-08-12",53.5,53.950001,53.209999,53.709999,2191200,19.835567
"2002-08-09",54.049999,54.200001,53.209999,54.07,3806800,19.968519
"2002-08-08",52.700001,54.25,52.610001,54.130001,3970800,19.990678
"2002-08-07",51.66,52.5,51.52,52.5,4765600,19.388704
"2002-08-06",51.169998,52.52,51.169998,51.650002,6216200,19.074792
"2002-08-05",52.200001,52.290001,50.77,50.919998,4305400,18.805196
"2002-08-02",52.419998,52.950001,51.419998,52.349998,5616200,19.333307
"2002-08-01",51.299999,52.990002,51.099998,52.419998,6087200,19.359159
"2002-07-31",51.299999,51.43,49.880001,51.349998,6566000,18.963999
"2002-07-30",51.900002,52,50.849998,51.299999,5529600,18.945533
"2002-07-29",51,52.5,50.689999,52.470001,5283000,19.377625
"2002-07-26",51,51,49.799999,50.25,7259400,18.55776
"2002-07-25",50.240002,50.75,48.849998,50.59,5757600,18.683325
"2002-07-24",47.02,50.5,46.91,49.990002,8307000,18.46174
"2002-07-23",46.049999,48.200001,45.389999,47.200001,7528200,17.364894
"2002-07-22",44.799999,46.560001,44.549999,45.310001,5810400,16.669562
"2002-07-19",45,45.650002,44.049999,44.360001,6525400,16.320057
"2002-07-18",47.25,48.049999,46.02,46.18,4285000,16.989635
"2002-07-17",48.5,48.599998,46.860001,47.150002,5371400,17.346499
"2002-07-16",48.25,48.299999,46.43,47.689999,3683000,17.545164
"2002-07-15",49,49.099998,45.970001,48.75,5612600,17.935139
"2002-07-12",50.599998,50.75,48.82,49.48,6915800,18.203706
"2002-07-11",49.5,50.540001,49.110001,50.52,6802200,18.586322
"2002-07-10",50,50.200001,49.529999,49.549999,3699400,18.229459
"2002-07-09",50.900002,51.25,49.849998,50.040001,3587800,18.40973
"2002-07-08",51.599998,51.98,51.029999,51.290001,2043400,18.869606
"2002-07-05",50.900002,51.740002,50.400002,51.740002,2756200,19.035161
"2002-07-03",50.5,50.860001,49.540001,50.150002,4631800,18.4502
"2002-07-02",51.200001,51.299999,50.400002,50.549999,5780200,18.597359
"2002-07-01",50.25,51.950001,50.200001,51.68,4940400,19.013087
"2002-06-28",51.299999,51.75,50.02,50.049999,6462200,18.413409
"2002-06-27",50.5,51.849998,50.150002,51.549999,10043800,18.965259
"2002-06-26",47.400002,49.75,45.900002,49.66,11144000,18.269928
"2002-06-25",49.450001,49.5,47.700001,47.950001,6528200,17.640819
"2002-06-24",50.25,50.799999,48.07,49.650002,8228800,18.26625
"2002-06-21",51.25,51.700001,49.900002,50.48,6165600,18.571606
"2002-06-20",52.150002,52.5,51.599998,51.599998,5341600,18.983654
"2002-06-19",52.599998,53.139999,52.380001,52.790001,3874400,19.421456
"2002-06-18",53.700001,53.75,52.73,52.939999,3797800,19.47664
"2002-06-17",53,53.75,52.860001,53.73,2751600,19.767282
"2002-06-14",52.150002,52.650002,51.700001,52.549999,4187000,19.33316
"2002-06-13",53.5,53.82,52.650002,52.799999,2806600,19.425135
"2002-06-12",53.400002,54.099998,53.169998,53.860001,5003200,19.815109
"2002-06-11",54.400002,54.450001,53.099998,53.099998,3558800,19.535504
"2002-06-10",54.400002,54.68,53.549999,53.93,7772800,19.840862
"2002-06-07",55,55.450001,54.349998,55.150002,3723600,20.289701
"2002-06-06",55.599998,55.91,55.060001,55.150002,5598600,20.289701
"2002-06-05",53.75,55.759998,53.5,55.580002,6204400,20.447898
"2002-06-04",54.049999,54.619999,53.75,53.970001,4174400,19.855579
"2002-06-03",53.950001,54.900002,53.939999,54.049999,4395000,19.88501
"2002-05-31",52.200001,54.509998,52.16,54.200001,7214600,19.940196
"2002-05-30",51.799999,52.349998,51.400002,51.900002,6183800,19.094025
"2002-05-29",52.150002,52.450001,51.299999,51.75,5588000,19.03884
"2002-05-28",53.209999,53.450001,52,52.220001,4953800,19.211753
"2002-05-24",53.950001,54.049999,53.299999,53.459999,3172000,19.667949
"2002-05-23",54.150002,54.200001,53.119999,53.939999,3982200,19.844541
"2002-05-22",53.650002,54.18,53.549999,54.080002,4404200,19.896048
"2002-05-21",55.049999,55.150002,54,54.060001,2651600,19.88869
"2002-05-20",54.799999,55.299999,54.66,54.849998,2018400,20.17933
"2002-05-17",55.5,55.700001,54.580002,55.040001,3671400,20.249232
"2002-05-16",55.509998,55.830002,55.200001,55.669998,3230800,20.481008
"2002-05-15",55.5,55.700001,55.060001,55.509998,3357800,20.422144
"2002-05-14",55.610001,55.799999,55.259998,55.650002,3302000,20.473651
"2002-05-13",55.32,55.849998,55.259998,55.599998,2394800,20.455255
"2002-05-10",54.91,55.599998,54.779999,55.52,2877000,20.425824
"2002-05-09",55.25,55.849998,54.830002,54.900002,2592200,20.197726
"2002-05-08",55.349998,55.389999,54.68,55.389999,4626800,20.377996
"2002-05-06",54.75,55.68,54.650002,55.18,4083200,20.300738
"2002-05-03",54.790001,55.16,54.43,54.549999,4610600,20.06896
"2002-05-02",53.599998,54.91,53.400002,54.790001,5300600,20.157257
"2002-05-01",53.259998,53.900002,53.259998,53.549999,4238000,19.70106
"2002-04-30",53.5,54.150002,53.009998,53.009998,5674200,19.502393
"2002-04-29",54.849998,55.23,53.970001,53.98,3978600,19.859257
"2002-04-26",55.549999,55.619999,55.09,55.09,4137800,20.267627
"2002-04-25",55.299999,55.740002,54.759998,55.639999,4682600,20.469971
"2002-04-24",54.919998,55.529999,54.919998,55.32,8353400,20.352243
"2002-04-23",54.720001,55.529999,54.459999,55.099998,4319800,20.205082
"2002-04-22",54.650002,55.07,54,54.650002,5539400,20.040069
"2002-04-19",54.799999,54.799999,54,54.400002,10715200,19.948394
"2002-04-18",54.049999,55.799999,53.099998,53.950001,23881000,19.78338
"2002-04-17",58.349998,58.799999,57.599998,57.75,5098400,21.176833
"2002-04-16",57.700001,58.439999,57.450001,58.349998,4591000,21.396852
"2002-04-15",58.849998,58.849998,57.650002,57.869999,2764600,21.220837
"2002-04-12",57.419998,58.860001,57.419998,58.73,2842600,21.536198
"2002-04-11",58.16,58.380001,57.34,57.41,3718400,21.052156
"2002-04-10",57.25,58.529999,57,58.41,4911000,21.418854
"2002-04-09",57.5,57.639999,56.900002,57.349998,2373800,21.030153
"2002-04-05",57.48,57.529999,57.049999,57.360001,2074800,21.033821
"2002-04-04",56.400002,57.450001,56.400002,57.380001,3370200,21.041155
"2002-04-03",56.700001,56.799999,56.02,56.48,2556000,20.711126
"2002-04-02",56.700001,57.099998,56.349998,56.830002,2092600,20.839472
"2002-04-01",56.900002,56.990002,56.25,56.599998,8098600,20.75513
"2002-03-28",57,57.529999,56.950001,57.150002,2249400,20.956815
"2002-03-27",56.849998,57.5,56.599998,57.310001,2991600,21.015487
"2002-03-26",56.299999,57.049999,56.07,56.669998,3623800,20.780798
"2002-03-25",56.700001,56.709999,56.060001,56.080002,2441600,20.564448
"2002-03-22",56.400002,57.119999,56.310001,56.900002,2487000,20.86514
"2002-03-21",56.810001,57.07,56.200001,56.619999,2782800,20.762464
"2002-03-20",57,57.279999,56.799999,56.810001,2413200,20.832137
"2002-03-19",56.5,57.650002,56.5,56.880001,5880200,20.857806
"2002-03-18",56,56.650002,55.66,56.43,3556000,20.692792
"2002-03-15",54.799999,56,54.740002,55.98,5317600,20.527777
"2002-03-14",54.799999,54.91,54.5,54.549999,2544200,20.003398
"2002-03-13",55.27,55.34,54.369999,54.700001,3132400,20.058404
"2002-03-12",53.849998,55.27,53.740002,55.27,4117800,20.267422
"2002-03-11",54.200001,54.25,53.330002,54.099998,3618400,19.838384
"2002-03-08",54.5,54.799999,53.869999,54.330002,4707800,19.922726
"2002-03-07",55.75,55.75,54.25,54.540001,4227600,19.999732
"2002-03-06",55.549999,56.200001,55.150002,55.900002,3076400,20.498442
"2002-03-05",55.75,55.790001,54.48,55.349998,4458200,20.296757
"2002-03-04",56.950001,56.950001,55.849998,56.380001,2892200,20.674457
"2002-03-01",56.200001,56.900002,56.049999,56.849998,2458200,20.846804
"2002-02-28",56.099998,56.75,55.650002,55.98,4424400,20.527777
"2002-02-27",56.799999,56.849998,56.049999,56.400002,3190200,20.681791
"2002-02-26",56.950001,56.959999,56.040001,56.619999,2975600,20.762464
"2002-02-25",57.200001,57.380001,56.150002,56.950001,2353800,20.883475
"2002-02-22",55.849998,57.299999,55.57,56.700001,3240800,20.7918
"2002-02-21",56.349998,56.849998,55.970001,56,3069200,20.535111
"2002-02-20",55.599998,56.380001,55.060001,56.189999,2535200,20.604783
"2002-02-19",56.200001,56.200001,55.25,55.599998,2722200,20.388431
"2002-02-15",55,56.400002,54.959999,56,3170000,20.535111
"2002-02-14",54.75,55.220001,54.599998,55.040001,2371800,20.183081
"2002-02-13",54.849998,55.09,54.189999,55.09,2927600,20.201416
"2002-02-12",54.25,54.720001,54.110001,54.599998,4608400,20.021733
"2002-02-11",54.299999,54.5,54,54.150002,3361400,19.85672
"2002-02-08",54.200001,54.43,53.700001,54.400002,4806400,19.948394
"2002-02-07",55.25,55.25,54.169998,54.43,6470200,19.959395
"2002-02-06",55.75,55.75,54.900002,55.369999,5850800,20.304091
"2002-02-05",53.75,56.349998,53.490002,55.959999,10797000,20.520443
"2002-02-04",57.150002,57.5,56.09,56.330002,2946800,20.656122
"2002-02-01",57.150002,57.349998,56.299999,57.150002,2576600,20.956815
"2002-01-31",56.25,57.150002,55.75,57.150002,3966800,20.956815
"2002-01-30",55.27,56.490002,55.200001,56.099998,3658000,20.57178
"2002-01-29",56.150002,56.400002,55.48,55.52,3023400,20.359096
"2002-01-28",56.099998,56.549999,55.66,56.490002,2131800,20.714794
"2002-01-25",55.950001,56.799999,55.700001,56.419998,2565200,20.689124
"2002-01-24",56.25,56.450001,55.849998,55.900002,2437800,20.498442
"2002-01-23",56.400002,56.75,55.720001,56.299999,3579600,20.64512
"2002-01-22",56.799999,57,56.200001,56.75,2537600,20.744129
"2002-01-18",56.900002,57.299999,56.700001,57.150002,1947600,20.890344
"2002-01-17",56.599998,57.279999,56.349998,57.099998,1725600,20.872066
"2002-01-16",56.700001,57.27,56.439999,56.889999,3064200,20.795304
"2002-01-15",55.900002,57.169998,55.900002,56.849998,2662000,20.780682
"2002-01-14",54.900002,56.5,54.900002,55.84,2359200,20.411492
"2002-01-11",55.400002,55.959999,55.130001,55.27,2567400,20.203137
"2002-01-10",56.349998,56.349998,55.209999,55.400002,2821800,20.250657
"2002-01-09",56.549999,56.549999,56,56.25,3999000,20.561362
"2002-01-08",55.900002,56.240002,55.75,56,6180800,20.469978
"2002-01-07",55.75,56.049999,55.400002,55.650002,3746800,20.342041
"2002-01-04",57.169998,57.18,55.630001,56.240002,4467600,20.557707
"2002-01-03",57.369999,57.419998,56.869999,57.419998,2003200,20.989037
"2002-01-02",57.25,57.75,56.650002,57.619999,2360400,21.062145
"2001-12-31",58,58.389999,57.549999,57.75,2051200,21.109665
"2001-12-28",58.16,58.299999,57.52,58.139999,2533000,21.252223
"2001-12-27",57.900002,58.200001,57.75,58.16,1187800,21.259534
"2001-12-26",57.549999,58.5,57.529999,58.049999,1533800,21.219325
"2001-12-24",57.75,57.900002,57.5,57.630001,890200,21.065801
"2001-12-21",58.25,58.330002,56.799999,57.669998,4628000,21.080421
"2001-12-20",58,58.580002,57.900002,58.189999,3269400,21.2705
"2001-12-19",57.200001,58.540001,57.049999,58.400002,3389000,21.347263
"2001-12-18",56.549999,57.59,56.419998,57.549999,3061000,21.036557
"2001-12-17",56.549999,56.900002,56.139999,56.349998,1914600,20.597915
"2001-12-14",57.099998,57.099998,55.869999,56.549999,2470600,20.671022
"2001-12-13",57.099998,57.490002,56.84,57.02,2299600,20.842824
"2001-12-12",57.5,57.849998,56.900002,56.959999,2743000,20.820891
"2001-12-11",56.650002,57,55.849998,56.630001,2862600,20.700265
"2001-12-10",56.360001,57.02,56.09,56.610001,2972000,20.692955
"2001-12-07",56.849998,57.029999,56.150002,56.66,2746200,20.711231
"2001-12-06",57.349998,57.59,56.799999,56.799999,3876800,20.762406
"2001-12-05",58.02,58.799999,57.75,57.939999,3583200,21.179116
"2001-12-04",57.900002,58.349998,57.75,58.27,1698400,21.299743
"2001-12-03",58.049999,58.349998,57.400002,58.099998,3405400,21.237601
